   6.5966189e-01  -1.4410169e-01   1.1981458e+02   4.9236642e-01
   1.2974945e+00  -1.0172881e-01   1.1979763e+02   6.3126856e-01
   3.3854803e+00  -2.2884746e-01   1.1984847e+02   6.7617782e-01
   4.3854803e+00  -2.2884746e-01   1.1984847e+02   7.2805147e-01
   5.3854803e+00  -2.2884746e-01   1.1984847e+02   7.4389139e-01
   6.3854803e+00  -2.2884746e-01   1.1984847e+02   7.4761737e-01
   7.3854803e+00  -2.2884746e-01   1.1984847e+02   8.0955245e-01
   8.9678870e+00  -3.1359322e-01   1.1984847e+02   8.6873282e-01
   9.9678870e+00  -3.1359322e-01   1.1984847e+02   8.9167633e-01
   1.1330749e+01  -3.5596610e-01   1.1986542e+02   8.6675703e-01
   1.1752384e+01  -3.1359322e-01   1.1979763e+02   8.0650887e-01
   1.4131007e+01  -4.8308475e-01   1.1984847e+02   8.0476083e-01
   1.6292094e+01  -6.1020339e-01   1.1991627e+02   8.6880265e-01
   1.7219972e+01  -6.1020339e-01   1.1989932e+02   8.5454975e-01
   1.8946581e+01  -6.9494915e-01   1.1993322e+02   8.5860070e-01
   1.8641896e+01  -6.1020339e-01   1.1976373e+02   9.4289277e-01
   2.0513287e+01  -7.3732203e-01   1.1976373e+02   9.9533677e-01
   2.1948452e+01  -8.2206780e-01   1.1972983e+02   1.0000000e+00
   2.2948452e+01  -8.2206780e-01   1.1972983e+02   9.9919681e-01
   2.3948452e+01  -8.2206780e-01   1.1972983e+02   9.9556985e-01
