121.03816	-12.12689
121.03055	-12.12219
121.02295	-12.11748
121.01535	-12.11277
121.00776	-12.10804
121.00017	-12.10332
120.99258	-12.09858
120.98500	-12.09384
120.97742	-12.08909
120.96985	-12.08433
120.96228	-12.07957
120.95472	-12.07480
120.94716	-12.07002
120.93961	-12.06523
120.93206	-12.06044
120.92451	-12.05564
120.91697	-12.05084
120.90944	-12.04603
120.90191	-12.04121
120.89438	-12.03638
120.88686	-12.03155
120.87934	-12.02671
120.87183	-12.02186
120.86432	-12.01700
120.85681	-12.01214
120.84931	-12.00728
120.84182	-12.00240
120.83433	-11.99752
120.82684	-11.99263
120.81936	-11.98773
120.81188	-11.98283
120.80441	-11.97792
120.79694	-11.97301
120.78948	-11.96808
120.78202	-11.96315
120.77457	-11.95822
120.76712	-11.95327
120.75968	-11.94832
120.75224	-11.94337
120.74480	-11.93840
120.73737	-11.93343
120.72995	-11.92845
120.72253	-11.92347
120.71511	-11.91847
120.70770	-11.91348
120.70029	-11.90847
120.69289	-11.90346
120.68549	-11.89844
120.67810	-11.89341
120.67071	-11.88838
120.66333	-11.88334
120.65595	-11.87830
120.64857	-11.87324
120.64120	-11.86818
120.63384	-11.86312
120.62648	-11.85804
120.61913	-11.85296
120.61178	-11.84787
120.60443	-11.84278
120.59709	-11.83768
120.58975	-11.83257
120.58242	-11.82746
120.57510	-11.82234
120.56778	-11.81721
120.56046	-11.81207
120.55315	-11.80693
120.54584	-11.80178
120.53854	-11.79663
120.53124	-11.79147
120.52395	-11.78630
120.51666	-11.78112
120.50938	-11.77594
120.50210	-11.77075
120.49483	-11.76556
120.48756	-11.76036
120.48030	-11.75515
120.47304	-11.74993
120.46579	-11.74471
120.45854	-11.73948
120.45129	-11.73425
120.44405	-11.72900
120.43682	-11.72376
120.42959	-11.71850
120.42237	-11.71324
120.41515	-11.70797
120.40794	-11.70269
120.40073	-11.69741
120.39352	-11.69212
120.38632	-11.68683
120.37913	-11.68152
120.37194	-11.67621
120.36476	-11.67090
120.35758	-11.66558
120.35040	-11.66025
120.34323	-11.65491
120.33607	-11.64957
120.32891	-11.64422
120.32176	-11.63887
120.31461	-11.63350
120.30746	-11.62814
120.30032	-11.62276
120.29319	-11.61738
120.28606	-11.61199
120.27894	-11.60659
120.27182	-11.60119
120.26470	-11.59578
120.25760	-11.59037
120.25049	-11.58495
120.24339	-11.57952
120.23630	-11.57409
120.22921	-11.56864
120.22213	-11.56320
120.21505	-11.55774
120.20798	-11.55228
120.20091	-11.54681
120.19385	-11.54134
120.18679	-11.53586
120.17974	-11.53037
120.17269	-11.52488
120.16565	-11.51938
120.15861	-11.51387
120.15158	-11.50836
120.14455	-11.50284
120.13753	-11.49731
120.13051	-11.49178
120.12350	-11.48624
120.11650	-11.48070
120.10950	-11.47514
120.10250	-11.46959
120.09551	-11.46402
120.08852	-11.45845
120.08154	-11.45287
120.07457	-11.44729
120.06760	-11.44169
120.06064	-11.43610
120.05368	-11.43049
120.04672	-11.42488
120.03977	-11.41927
120.03283	-11.41364
120.02589	-11.40801
120.01896	-11.40238
120.01203	-11.39673
120.00511	-11.39108
119.99819	-11.38543
119.99128	-11.37977
119.98438	-11.37410
119.97748	-11.36842
119.97058	-11.36274
119.96369	-11.35706
119.95681	-11.35136
119.94993	-11.34566
119.94305	-11.33995
119.93618	-11.33424
119.92932	-11.32852
119.92246	-11.32280
119.91561	-11.31706
119.90876	-11.31132
119.90192	-11.30558
119.89508	-11.29983
119.88825	-11.29407
119.88143	-11.28831
119.87461	-11.28254
119.86779	-11.27676
119.86098	-11.27098
119.85418	-11.26519
119.84738	-11.25939
119.84058	-11.25359
119.83380	-11.24778
119.82701	-11.24197
119.82024	-11.23615
119.81347	-11.23032
119.80670	-11.22448
119.79994	-11.21864
119.79318	-11.21280
119.78643	-11.20695
119.77969	-11.20109
119.77295	-11.19522
119.76622	-11.18935
119.75949	-11.18347
119.75277	-11.17759
119.74567	-11.17277
119.73670	-11.17323
119.72773	-11.17368
119.71876	-11.17410
119.70978	-11.17451
119.70081	-11.17490
119.69183	-11.17526
119.68286	-11.17561
119.67388	-11.17594
119.66490	-11.17626
119.65592	-11.17655
119.64695	-11.17682
119.63797	-11.17707
119.62899	-11.17731
119.62001	-11.17752
119.61102	-11.17772
119.60204	-11.17790
119.59306	-11.17806
119.58408	-11.17820
119.57510	-11.17832
119.56611	-11.17842
119.55713	-11.17850
119.54815	-11.17857
119.53917	-11.17861
119.53018	-11.17864
119.52120	-11.17864
119.51222	-11.17863
119.50323	-11.17860
119.49425	-11.17855
119.48527	-11.17848
119.47628	-11.17839
119.46730	-11.17828
119.45832	-11.17815
119.44934	-11.17801
119.44036	-11.17784
119.43138	-11.17766
119.42239	-11.17746
119.41341	-11.17723
119.40443	-11.17699
119.39546	-11.17673
119.38648	-11.17645
119.37750	-11.17615
119.36852	-11.17584
119.35954	-11.17550
119.35057	-11.17515
119.34159	-11.17477
119.33262	-11.17438
119.32365	-11.17397
119.31467	-11.17353
119.30570	-11.17308
119.29673	-11.17261
119.28776	-11.17212
119.27879	-11.17162
119.26983	-11.17109
119.26086	-11.17054
119.25189	-11.16998
119.24293	-11.16940
119.23397	-11.16879
119.22501	-11.16817
119.21605	-11.16753
119.20709	-11.16687
119.19813	-11.16619
119.18918	-11.16549
119.18022	-11.16478
119.17127	-11.16404
119.16232	-11.16329
119.15337	-11.16251
119.14442	-11.16172
119.13548	-11.16091
119.12654	-11.16008
119.11759	-11.15923
119.10865	-11.15836
119.09972	-11.15747
119.09078	-11.15657
119.08185	-11.15564
119.07291	-11.15470
119.06398	-11.15373
119.05506	-11.15275
119.04613	-11.15175
119.03721	-11.15073
119.02828	-11.14969
119.01937	-11.14863
119.01045	-11.14756
119.00153	-11.14646
118.99262	-11.14535
118.98371	-11.14421
118.97481	-11.14306
118.96590	-11.14189
118.95700	-11.14070
118.94810	-11.13949
118.93920	-11.13826
118.93031	-11.13701
118.92142	-11.13575
118.91253	-11.13446
118.90364	-11.13316
118.89476	-11.13184
118.88588	-11.13050
118.87700	-11.12914
118.86813	-11.12776
118.85926	-11.12636
118.85039	-11.12494
118.84153	-11.12351
118.83267	-11.12205
118.82381	-11.12058
118.81495	-11.11909
118.80610	-11.11758
118.79725	-11.11605
118.78841	-11.11450
118.77956	-11.11294
118.77073	-11.11135
118.76189	-11.10975
118.75306	-11.10812
118.74423	-11.10648
118.73541	-11.10482
118.72659	-11.10314
118.71777	-11.10144
118.70895	-11.09973
118.70014	-11.09799
118.69137	-11.09960
118.68259	-11.10148
118.67381	-11.10335
118.66502	-11.10519
118.65623	-11.10701
118.64743	-11.10881
118.63863	-11.11058
118.62982	-11.11234
118.62101	-11.11407
118.61220	-11.11579
118.60338	-11.11748
118.59456	-11.11915
118.58573	-11.12080
118.57690	-11.12242
118.56807	-11.12403
118.55923	-11.12561
118.55038	-11.12717
118.54154	-11.12871
118.53269	-11.13023
118.52383	-11.13173
118.51498	-11.13320
118.50611	-11.13466
118.49725	-11.13609
118.48838	-11.13750
118.47951	-11.13889
118.47063	-11.14025
118.46175	-11.14160
118.45287	-11.14292
118.44398	-11.14422
118.43509	-11.14550
118.42620	-11.14676
118.41731	-11.14800
118.40841	-11.14921
118.39951	-11.15041
118.39060	-11.15158
118.38169	-11.15273
118.37278	-11.15386
118.36387	-11.15496
118.35496	-11.15605
118.34604	-11.15711
118.33712	-11.15815
118.32819	-11.15917
118.31927	-11.16017
118.31034	-11.16114
118.30141	-11.16210
118.29247	-11.16303
118.28354	-11.16394
118.27460	-11.16483
118.26566	-11.16569
118.25672	-11.16654
118.24777	-11.16736
118.23883	-11.16816
118.22988	-11.16894
118.22093	-11.16970
118.21197	-11.17043
118.20302	-11.17115
118.19406	-11.17184
118.18511	-11.17251
118.17615	-11.17316
118.16719	-11.17378
118.15823	-11.17439
118.14926	-11.17497
118.14030	-11.17553
118.13133	-11.17607
118.12236	-11.17659
118.11339	-11.17708
118.10442	-11.17756
118.09545	-11.17801
118.08648	-11.17844
118.07750	-11.17884
118.06853	-11.17923
118.05955	-11.17959
118.05058	-11.17993
118.04160	-11.18025
118.03262	-11.18055
118.02364	-11.18083
118.01466	-11.18108
118.00568	-11.18131
117.99670	-11.18152
117.98772	-11.18171
117.97874	-11.18188
117.96976	-11.18202
117.96078	-11.18215
117.95179	-11.18225
117.94281	-11.18232
117.93383	-11.18238
117.92485	-11.18242
117.91586	-11.18243
117.90688	-11.18244
117.89800	-11.18381
117.88913	-11.18517
117.88025	-11.18651
117.87137	-11.18784
117.86248	-11.18917
117.85360	-11.19048
117.84471	-11.19178
117.83583	-11.19307
117.82694	-11.19435
117.81805	-11.19561
117.80915	-11.19687
117.80026	-11.19812
117.79136	-11.19935
117.78247	-11.20058
117.77357	-11.20179
117.76467	-11.20299
117.75577	-11.20418
117.74686	-11.20536
117.73796	-11.20653
117.72905	-11.20769
117.72014	-11.20884
117.71123	-11.20998
117.70232	-11.21110
117.69341	-11.21222
117.68450	-11.21332
117.67558	-11.21441
117.66667	-11.21550
117.65775	-11.21657
117.64883	-11.21763
117.63991	-11.21868
117.63099	-11.21972
117.62207	-11.22074
117.61314	-11.22176
117.60422	-11.22277
117.59529	-11.22376
117.58637	-11.22475
117.57744	-11.22572
117.56851	-11.22668
117.55957	-11.22763
117.55064	-11.22857
117.54171	-11.22950
117.53277	-11.23042
117.52384	-11.23133
117.51490	-11.23222
117.50596	-11.23311
117.49702	-11.23398
117.48808	-11.23485
117.47914	-11.23570
117.47020	-11.23654
117.46125	-11.23737
117.45231	-11.23819
117.44336	-11.23900
117.43442	-11.23980
117.42547	-11.24058
117.41652	-11.24136
117.40757	-11.24212
117.39862	-11.24288
117.38967	-11.24362
117.38072	-11.24435
117.37176	-11.24507
117.36281	-11.24578
117.35385	-11.24648
117.34490	-11.24717
117.33594	-11.24785
117.32698	-11.24851
117.31802	-11.24917
117.30906	-11.24981
117.30010	-11.25044
117.29114	-11.25107
117.28218	-11.25168
117.27322	-11.25228
117.26426	-11.25287
117.25529	-11.25344
117.24633	-11.25401
117.23736	-11.25457
117.22840	-11.25511
117.21943	-11.25565
117.21046	-11.25617
117.20149	-11.25668
117.19252	-11.25718
117.18355	-11.25767
117.17458	-11.25815
117.16561	-11.25862
117.15664	-11.25908
117.14767	-11.25952
117.13870	-11.25996
117.12973	-11.26038
117.12075	-11.26080
117.11178	-11.26120
117.10280	-11.26159
117.09383	-11.26197
117.08485	-11.26234
117.07588	-11.26270
117.06690	-11.26305
117.05792	-11.26338
117.04895	-11.26371
117.03997	-11.26402
117.03099	-11.26433
117.02201	-11.26462
117.01304	-11.26490
117.00406	-11.26517
116.99508	-11.26543
116.98610	-11.26568
116.97712	-11.26591
116.96814	-11.26614
116.95916	-11.26636
116.95018	-11.26656
116.94120	-11.26675
116.93221	-11.26694
116.92323	-11.26711
116.91425	-11.26727
116.90527	-11.26742
116.89629	-11.26756
116.88730	-11.26768
116.87832	-11.26780
116.86934	-11.26790
116.86036	-11.26800
116.85137	-11.26808
116.84239	-11.26815
116.83341	-11.26822
116.82443	-11.26827
116.81544	-11.26830
116.80646	-11.26833
116.79748	-11.26835
116.78849	-11.26836
116.77951	-11.26835
116.77053	-11.26834
116.76154	-11.26831
116.75256	-11.26827
116.74358	-11.26822
116.73459	-11.26816
116.72561	-11.26809
116.71663	-11.26801
116.70765	-11.26792
116.69866	-11.26781
116.68968	-11.26770
116.68070	-11.26757
116.67172	-11.26744
116.66274	-11.26729
116.65375	-11.26713
116.64477	-11.26696
116.63579	-11.26678
116.62681	-11.26659
116.61783	-11.26638
116.60885	-11.26617
116.59987	-11.26595
116.59089	-11.26571
116.58191	-11.26546
116.57293	-11.26520
116.56395	-11.26494
116.55497	-11.26466
116.54599	-11.26437
116.53702	-11.26406
116.52804	-11.26375
116.51906	-11.26343
116.51008	-11.26309
116.50111	-11.26275
116.49213	-11.26239
116.48316	-11.26202
116.47418	-11.26164
116.46521	-11.26125
116.45623	-11.26085
116.44726	-11.26044
116.43829	-11.26002
116.42931	-11.25958
116.42034	-11.25914
116.41137	-11.25868
116.40240	-11.25822
116.39343	-11.25774
116.38446	-11.25725
116.37549	-11.25675
116.36652	-11.25624
116.35756	-11.25572
116.34859	-11.25518
116.33962	-11.25464
116.33066	-11.25409
116.32169	-11.25352
116.31273	-11.25294
116.30376	-11.25236
116.29480	-11.25176
116.28584	-11.25115
116.27688	-11.25053
116.26792	-11.24990
116.25896	-11.24925
116.25000	-11.24860
116.24104	-11.24793
116.23209	-11.24726
116.22313	-11.24657
116.21417	-11.24587
116.20522	-11.24517
116.19627	-11.24445
116.18731	-11.24372
116.17836	-11.24298
116.16941	-11.24222
116.16046	-11.24146
116.15151	-11.24069
116.14256	-11.23990
116.13362	-11.23910
116.12467	-11.23830
116.11573	-11.23748
116.10678	-11.23665
116.09784	-11.23581
116.08890	-11.23496
116.07996	-11.23410
116.07102	-11.23322
116.06208	-11.23234
116.05314	-11.23145
116.04421	-11.23054
116.03527	-11.22962
116.02634	-11.22870
116.01740	-11.22776
116.00847	-11.22681
115.99954	-11.22585
115.99061	-11.22488
115.98169	-11.22389
115.97276	-11.22290
115.96383	-11.22190
115.95491	-11.22088
115.94599	-11.21985
115.93707	-11.21882
115.92815	-11.21777
115.91923	-11.21671
115.91031	-11.21564
115.90139	-11.21456
115.89248	-11.21347
115.88356	-11.21236
115.87465	-11.21125
115.86574	-11.21013
115.85683	-11.20899
115.84792	-11.20784
115.83902	-11.20669
115.83011	-11.20552
115.82121	-11.20434
115.81231	-11.20315
115.80341	-11.20195
115.79451	-11.20074
115.78561	-11.19951
115.77672	-11.19828
115.76782	-11.19704
115.75893	-11.19578
115.75004	-11.19451
115.74115	-11.19324
115.73226	-11.19195
115.72337	-11.19065
115.71449	-11.18934
115.70561	-11.18802
115.69672	-11.18669
115.68785	-11.18534
115.67897	-11.18399
115.67009	-11.18263
115.66122	-11.18125
115.65234	-11.17986
115.64347	-11.17847
115.63460	-11.17706
115.62574	-11.17564
115.61687	-11.17421
115.60801	-11.17277
115.59914	-11.17132
115.59028	-11.16986
115.58143	-11.16838
115.57257	-11.16690
115.56371	-11.16541
115.55486	-11.16390
115.54601	-11.16238
115.53716	-11.16086
115.52831	-11.15932
115.51947	-11.15777
115.51063	-11.15621
115.50179	-11.15464
115.49295	-11.15306
115.48411	-11.15146
115.47527	-11.14986
115.46644	-11.14825
115.45761	-11.14662
115.44878	-11.14498
115.43995	-11.14334
115.43113	-11.14168
115.42231	-11.14001
115.41348	-11.13833
115.40467	-11.13664
115.39585	-11.13494
115.38704	-11.13323
115.37822	-11.13151
115.36941	-11.12977
115.36061	-11.12803
115.35180	-11.12628
115.34300	-11.12451
115.33419	-11.12273
115.32540	-11.12095
115.31660	-11.11915
115.30780	-11.11734
115.29910	-11.11516
115.29040	-11.11293
115.28170	-11.11073
115.27299	-11.10857
115.26427	-11.10643
115.25555	-11.10432
115.24681	-11.10224
115.23807	-11.10019
115.22933	-11.09817
115.22057	-11.09618
115.21181	-11.09422
115.20304	-11.09228
115.19427	-11.09038
115.18549	-11.08851
115.17670	-11.08667
115.16791	-11.08486
115.15911	-11.08308
115.15030	-11.08133
115.14149	-11.07961
115.13267	-11.07791
115.12384	-11.07625
115.11501	-11.07462
115.10618	-11.07302
115.09734	-11.07145
115.08849	-11.06991
115.07964	-11.06840
115.07078	-11.06692
115.06192	-11.06547
115.05305	-11.06405
115.04418	-11.06266
115.03530	-11.06130
115.02642	-11.05997
115.01753	-11.05867
115.00864	-11.05740
114.99975	-11.05616
114.99085	-11.05495
114.98194	-11.05377
114.97304	-11.05263
114.96413	-11.05151
114.95521	-11.05042
114.94629	-11.04936
114.93737	-11.04834
114.92844	-11.04734
114.91951	-11.04638
114.91058	-11.04544
114.90164	-11.04454
114.89270	-11.04366
114.88376	-11.04282
114.87481	-11.04201
114.86587	-11.04122
114.85692	-11.04047
114.84796	-11.03975
114.83901	-11.03906
114.83005	-11.03840
114.82109	-11.03777
114.81213	-11.03717
114.80316	-11.03660
114.79419	-11.03606
114.78523	-11.03555
114.77626	-11.03507
114.76728	-11.03463
114.75831	-11.03421
114.74934	-11.03382
114.74036	-11.03347
114.73138	-11.03314
114.72240	-11.03285
114.71343	-11.03259
114.70445	-11.03235
114.69546	-11.03215
114.68648	-11.03198
114.67751	-11.03159
114.66855	-11.03097
114.65959	-11.03032
114.65063	-11.02966
114.64168	-11.02898
114.63272	-11.02828
114.62377	-11.02757
114.61481	-11.02683
114.60586	-11.02608
114.59692	-11.02531
114.58797	-11.02452
114.57902	-11.02371
114.57008	-11.02288
114.56114	-11.02203
114.55220	-11.02117
114.54326	-11.02029
114.53432	-11.01938
114.52539	-11.01846
114.51645	-11.01753
114.50752	-11.01657
114.49859	-11.01559
114.48967	-11.01460
114.48074	-11.01359
114.47182	-11.01256
114.46290	-11.01151
114.45398	-11.01044
114.44507	-11.00935
114.43615	-11.00825
114.42724	-11.00712
114.41833	-11.00598
114.40943	-11.00482
114.40052	-11.00364
114.39162	-11.00245
114.38272	-11.00123
114.37383	-11.00000
114.36493	-10.99874
114.35604	-10.99747
114.34716	-10.99619
114.33827	-10.99488
114.32939	-10.99355
114.32051	-10.99221
114.31163	-10.99085
114.30276	-10.98946
114.29389	-10.98806
114.28502	-10.98665
114.27616	-10.98521
114.26729	-10.98376
114.25843	-10.98228
114.24958	-10.98079
114.24073	-10.97928
114.23188	-10.97776
114.22303	-10.97621
114.21419	-10.97465
114.20535	-10.97306
114.19651	-10.97146
114.18768	-10.96984
114.17885	-10.96821
114.17003	-10.96655
114.16121	-10.96488
114.15239	-10.96318
114.14357	-10.96147
114.13476	-10.95974
114.12595	-10.95800
114.11715	-10.95623
114.10835	-10.95445
114.09955	-10.95265
114.09076	-10.95083
114.08197	-10.94899
114.07319	-10.94713
114.06441	-10.94526
114.05563	-10.94337
114.04686	-10.94145
114.03809	-10.93953
114.02933	-10.93758
114.02057	-10.93561
114.01181	-10.93363
114.00306	-10.93163
113.99431	-10.92961
113.98557	-10.92757
113.97683	-10.92551
113.96809	-10.92344
113.95936	-10.92135
113.95064	-10.91924
113.94192	-10.91711
113.93320	-10.91496
113.92449	-10.91280
113.91578	-10.91062
113.90708	-10.90842
113.89838	-10.90620
113.88969	-10.90396
113.88100	-10.90171
113.87231	-10.89943
113.86363	-10.89714
113.85496	-10.89484
113.84629	-10.89251
113.83763	-10.89016
113.82897	-10.88780
113.82031	-10.88542
113.81166	-10.88302
113.80302	-10.88061
113.79438	-10.87817
113.78575	-10.87572
113.77712	-10.87325
113.76849	-10.87076
113.75988	-10.86826
113.75126	-10.86574
113.74266	-10.86319
113.73405	-10.86064
113.72546	-10.85806
113.71687	-10.85546
113.70828	-10.85285
113.69970	-10.85022
113.69113	-10.84757
113.68256	-10.84491
113.67399	-10.84222
113.66544	-10.83952
113.65689	-10.83680
113.64834	-10.83407
113.63980	-10.83131
113.63128	-10.82850
113.62294	-10.82521
113.61458	-10.82194
113.60622	-10.81870
113.59784	-10.81549
113.58946	-10.81231
113.58106	-10.80915
113.57265	-10.80602
113.56423	-10.80292
113.55581	-10.79985
113.54737	-10.79681
113.53892	-10.79379
113.53046	-10.79080
113.52199	-10.78784
113.51351	-10.78491
113.50502	-10.78201
113.49652	-10.77913
113.48801	-10.77629
113.47949	-10.77347
113.47096	-10.77068
113.46243	-10.76791
113.45388	-10.76518
113.44532	-10.76247
113.43676	-10.75980
113.42818	-10.75715
113.41960	-10.75453
113.41101	-10.75193
113.40241	-10.74937
113.39380	-10.74684
113.38518	-10.74433
113.37655	-10.74185
113.36792	-10.73940
113.35927	-10.73698
113.35062	-10.73459
113.34196	-10.73223
113.33330	-10.72989
113.32462	-10.72759
113.31594	-10.72531
113.30725	-10.72306
113.29855	-10.72084
113.28984	-10.71865
113.28113	-10.71649
113.27241	-10.71436
113.26368	-10.71225
113.25495	-10.71018
113.24621	-10.70813
113.23746	-10.70612
113.22870	-10.70413
113.21994	-10.70217
113.21117	-10.70024
113.20240	-10.69834
113.19361	-10.69647
113.18483	-10.69463
113.17603	-10.69281
113.16723	-10.69103
113.15843	-10.68927
113.14961	-10.68755
113.14080	-10.68585
113.13197	-10.68419
113.12314	-10.68255
113.11431	-10.68094
113.10547	-10.67936
113.09662	-10.67781
113.08777	-10.67629
113.07892	-10.67480
113.07005	-10.67334
113.06119	-10.67191
113.05232	-10.67050
113.04344	-10.66913
113.03456	-10.66779
113.02568	-10.66647
113.01679	-10.66519
113.00790	-10.66393
112.99900	-10.66271
112.99010	-10.66151
112.98119	-10.66034
112.97228	-10.65921
112.96337	-10.65810
112.95445	-10.65702
112.94553	-10.65597
112.93660	-10.65501
112.92766	-10.65414
112.91872	-10.65326
112.90979	-10.65238
112.90085	-10.65150
112.89191	-10.65063
112.88297	-10.64975
112.87403	-10.64887
112.86509	-10.64800
112.85615	-10.64712
112.84721	-10.64624
112.83827	-10.64537
112.82933	-10.64449
112.82039	-10.64361
112.81145	-10.64274
112.80251	-10.64186
112.79357	-10.64098
112.78464	-10.64010
112.77570	-10.63923
112.76676	-10.63835
112.75782	-10.63747
112.74888	-10.63660
112.73994	-10.63572
112.73100	-10.63484
112.72206	-10.63396
112.71312	-10.63309
112.70418	-10.63221
112.69524	-10.63133
112.68630	-10.63046
112.67736	-10.62958
112.66842	-10.62870
112.65949	-10.62783
112.65055	-10.62695
112.64161	-10.62607
112.63267	-10.62519
112.62373	-10.62432
112.61479	-10.62344
112.60585	-10.62256
112.59691	-10.62169
112.58797	-10.62081
112.57903	-10.61993
112.57009	-10.61906
112.56115	-10.61818
112.55221	-10.61730
112.54327	-10.61642
112.53434	-10.61555
112.52540	-10.61467
112.51646	-10.61379
112.50752	-10.61292
112.49858	-10.61204
112.48964	-10.61116
112.48070	-10.61028
112.47176	-10.60941
112.46282	-10.60853
112.45388	-10.60765
112.44494	-10.60678
112.43600	-10.60590
112.42706	-10.60502
112.41812	-10.60414
112.40918	-10.60327
112.40025	-10.60239
112.39131	-10.60151
112.38237	-10.60064
112.37343	-10.59976
112.36449	-10.59888
112.35555	-10.59800
112.34661	-10.59713
112.33767	-10.59625
112.32873	-10.59537
112.31979	-10.59450
112.31085	-10.59362
112.30191	-10.59274
112.29297	-10.59187
112.28403	-10.59099
112.27510	-10.59011
112.26616	-10.58923
112.25722	-10.58836
112.24828	-10.58748
112.23934	-10.58660
112.23040	-10.58573
112.22146	-10.58485
112.21252	-10.58397
112.20358	-10.58309
112.19464	-10.58222
112.18570	-10.58134
112.17676	-10.58046
112.16782	-10.57958
112.15888	-10.57871
112.14995	-10.57783
112.14101	-10.57695
112.13207	-10.57608
112.12313	-10.57520
112.11419	-10.57432
112.10525	-10.57344
112.09631	-10.57257
112.08737	-10.57169
112.07843	-10.57081
112.06949	-10.56994
112.06055	-10.56906
112.05161	-10.56818
112.04267	-10.56730
112.03373	-10.56643
112.02480	-10.56555
112.01586	-10.56467
112.00692	-10.56380
111.99798	-10.56292
111.98904	-10.56204
111.98010	-10.56116
111.97116	-10.56029
111.96222	-10.55941
111.95335	-10.55801
111.94449	-10.55654
111.93563	-10.55507
111.92677	-10.55360
111.91791	-10.55213
111.90905	-10.55066
111.90019	-10.54919
111.89133	-10.54772
111.88248	-10.54625
111.87362	-10.54478
111.86476	-10.54331
111.85590	-10.54184
111.84704	-10.54037
111.83818	-10.53890
111.82932	-10.53743
111.82046	-10.53596
111.81160	-10.53449
111.80274	-10.53302
111.79388	-10.53155
111.78502	-10.53008
111.77616	-10.52861
111.76730	-10.52714
111.75844	-10.52567
111.74958	-10.52420
111.74072	-10.52273
111.73186	-10.52126
111.72300	-10.51979
111.71414	-10.51832
111.70528	-10.51686
111.69643	-10.51539
111.68757	-10.51392
111.67871	-10.51245
111.66985	-10.51098
111.66099	-10.50951
111.65213	-10.50804
111.64327	-10.50657
111.63441	-10.50510
111.62555	-10.50363
111.61669	-10.50216
111.60783	-10.50069
111.59897	-10.49922
111.59018	-10.49738
111.58141	-10.49546
111.57264	-10.49354
111.56387	-10.49162
111.55510	-10.48971
111.54632	-10.48780
111.53755	-10.48589
111.52877	-10.48399
111.52000	-10.48209
111.51122	-10.48020
111.50244	-10.47831
111.49366	-10.47642
111.48489	-10.47454
111.47611	-10.47266
111.46732	-10.47078
111.45854	-10.46891
111.44976	-10.46704
111.44098	-10.46518
111.43219	-10.46331
111.42341	-10.46146
111.41462	-10.45960
111.40584	-10.45775
111.39705	-10.45591
111.38826	-10.45406
111.37947	-10.45222
111.37068	-10.45039
111.36189	-10.44856
111.35310	-10.44673
111.34431	-10.44490
111.33552	-10.44308
111.32672	-10.44127
111.31793	-10.43945
111.30913	-10.43764
111.30034	-10.43584
111.29154	-10.43404
111.28274	-10.43224
111.27394	-10.43044
111.26514	-10.42865
111.25634	-10.42687
111.24754	-10.42508
111.23874	-10.42330
111.22994	-10.42153
111.22114	-10.41976
111.21233	-10.41799
111.20353	-10.41622
111.19472	-10.41446
111.18592	-10.41270
111.17711	-10.41095
111.16830	-10.40920
111.15950	-10.40745
111.15069	-10.40571
111.14188	-10.40397
111.13307	-10.40224
111.12425	-10.40051
111.11544	-10.39878
111.10663	-10.39705
111.09782	-10.39533
111.08900	-10.39362
111.08019	-10.39191
111.07137	-10.39020
111.06255	-10.38849
111.05374	-10.38679
111.04492	-10.38509
111.03610	-10.38340
111.02728	-10.38171
111.01846	-10.38002
111.00964	-10.37834
111.00082	-10.37666
110.99200	-10.37498
110.98317	-10.37331
110.97435	-10.37164
110.96553	-10.36998
110.95670	-10.36832
110.94787	-10.36666
110.93905	-10.36501
110.93022	-10.36336
110.92139	-10.36171
110.91256	-10.36007
110.90373	-10.35843
110.89490	-10.35680
110.88607	-10.35517
110.87724	-10.35354
110.86841	-10.35192
110.85958	-10.35030
110.85074	-10.34868
110.84191	-10.34707
110.83307	-10.34546
110.82424	-10.34386
110.81540	-10.34226
110.80656	-10.34066
110.79773	-10.33907
110.78889	-10.33748
110.78005	-10.33589
110.77121	-10.33431
110.76237	-10.33273
110.75353	-10.33116
110.74468	-10.32959
110.73584	-10.32802
110.72700	-10.32646
110.71815	-10.32490
110.70931	-10.32334
110.70046	-10.32179
110.69162	-10.32024
110.68277	-10.31870
110.67392	-10.31715
110.66508	-10.31562
110.65623	-10.31408
110.64738	-10.31255
110.63853	-10.31103
110.62968	-10.30951
110.62083	-10.30799
110.61197	-10.30647
110.60312	-10.30496
110.59427	-10.30345
110.58541	-10.30195
110.57656	-10.30045
110.56770	-10.29895
110.55885	-10.29746
110.54999	-10.29597
110.54113	-10.29449
110.53228	-10.29301
110.52342	-10.29153
110.51456	-10.29006
110.50570	-10.28859
110.49684	-10.28712
110.48798	-10.28566
110.47912	-10.28420
110.47025	-10.28274
110.46139	-10.28129
110.45253	-10.27985
110.44366	-10.27840
110.43480	-10.27696
110.42593	-10.27553
110.41707	-10.27409
110.40820	-10.27267
110.39933	-10.27124
110.39047	-10.26982
110.38160	-10.26840
110.37273	-10.26699
110.36386	-10.26558
110.35499	-10.26417
110.34612	-10.26277
110.33725	-10.26137
110.32837	-10.25998
110.31950	-10.25859
110.31063	-10.25720
110.30175	-10.25582
110.29288	-10.25444
110.28401	-10.25306
110.27513	-10.25169
110.26625	-10.25032
110.25738	-10.24895
110.24850	-10.24759
110.23962	-10.24624
110.23074	-10.24488
110.22186	-10.24353
110.21298	-10.24219
110.20410	-10.24084
110.19522	-10.23950
110.18634	-10.23817
110.17746	-10.23684
110.16858	-10.23551
110.15969	-10.23419
110.15081	-10.23287
110.14192	-10.23155
110.13304	-10.23024
110.12415	-10.22893
110.11527	-10.22763
110.10638	-10.22633
110.09749	-10.22503
110.08861	-10.22374
110.07972	-10.22245
110.07083	-10.22116
110.06194	-10.21988
110.05305	-10.21860
110.04416	-10.21733
110.03527	-10.21605
110.02638	-10.21479
110.01748	-10.21352
110.00859	-10.21226
109.99970	-10.21101
109.99081	-10.20976
109.98191	-10.20851
109.97302	-10.20726
109.96412	-10.20602
109.95522	-10.20479
109.94633	-10.20355
109.93743	-10.20232
109.92853	-10.20110
109.91964	-10.19988
109.91074	-10.19866
109.90184	-10.19744
109.89294	-10.19623
109.88404	-10.19503
109.87514	-10.19382
109.86624	-10.19262
109.85733	-10.19143
109.84843	-10.19024
109.83953	-10.18905
109.83063	-10.18786
109.82172	-10.18668
109.81282	-10.18551
109.80391	-10.18433
109.79501	-10.18317
109.78610	-10.18200
109.77720	-10.18084
109.76829	-10.17968
109.75938	-10.17853
109.75047	-10.17738
109.74157	-10.17623
109.73266	-10.17509
109.72375	-10.17395
109.71484	-10.17281
109.70593	-10.17168
109.69702	-10.17055
109.68811	-10.16943
109.67919	-10.16831
109.67028	-10.16719
109.66137	-10.16608
109.65246	-10.16497
109.64354	-10.16387
109.63463	-10.16277
109.62571	-10.16167
109.61680	-10.16057
109.60788	-10.15948
109.59897	-10.15840
109.59005	-10.15732
109.58113	-10.15624
109.57222	-10.15516
109.56330	-10.15409
109.55438	-10.15302
109.54546	-10.15196
109.53654	-10.15090
109.52762	-10.14985
109.51870	-10.14879
109.50978	-10.14775
109.50086	-10.14670
109.49194	-10.14566
109.48302	-10.14462
109.47409	-10.14359
109.46517	-10.14256
109.45625	-10.14153
109.44732	-10.14051
109.43840	-10.13949
109.42948	-10.13848
109.42055	-10.13747
109.41162	-10.13646
109.40270	-10.13546
109.39377	-10.13446
109.38485	-10.13346
109.37592	-10.13247
109.36699	-10.13149
109.35806	-10.13050
109.34913	-10.12952
109.34021	-10.12854
109.33128	-10.12757
109.32235	-10.12660
109.31342	-10.12564
109.30449	-10.12468
109.29555	-10.12372
109.28662	-10.12276
109.27769	-10.12181
109.26876	-10.12087
109.25983	-10.11993
109.25089	-10.11899
109.24196	-10.11805
109.23303	-10.11712
109.22409	-10.11619
109.21516	-10.11527
109.20622	-10.11435
109.19729	-10.11343
109.18835	-10.11252
109.17941	-10.11161
109.17048	-10.11071
109.16154	-10.10981
109.15260	-10.10891
109.14367	-10.10802
109.13473	-10.10713
109.12579	-10.10624
109.11685	-10.10536
109.10791	-10.10448
109.09897	-10.10361
109.09003	-10.10274
109.08109	-10.10187
109.07215	-10.10101
109.06321	-10.10015
109.05427	-10.09929
109.04532	-10.09844
109.03638	-10.09759
109.02744	-10.09675
109.01850	-10.09591
109.00955	-10.09507
109.00061	-10.09424
108.99167	-10.09341
108.98272	-10.09259
108.97378	-10.09177
108.96483	-10.09095
108.95589	-10.09013
108.94694	-10.08932
108.93799	-10.08852
108.92905	-10.08772
108.92010	-10.08692
108.91115	-10.08612
108.90220	-10.08533
108.89326	-10.08454
108.88431	-10.08376
108.87536	-10.08298
108.86641	-10.08221
108.85746	-10.08143
108.84851	-10.08066
108.83956	-10.07990
108.83061	-10.07914
108.82166	-10.07838
108.81271	-10.07763
108.80376	-10.07688
108.79481	-10.07614
108.78586	-10.07539
108.77690	-10.07466
108.76795	-10.07392
108.75900	-10.07319
108.75004	-10.07246
108.74109	-10.07174
108.73214	-10.07102
108.72318	-10.07031
108.71423	-10.06960
108.70527	-10.06889
108.69632	-10.06819
108.68736	-10.06749
108.67841	-10.06679
108.66945	-10.06610
108.66050	-10.06541
108.65154	-10.06472
108.64258	-10.06404
108.63362	-10.06337
108.62467	-10.06269
108.61571	-10.06202
108.60675	-10.06136
108.59779	-10.06070
108.58883	-10.06004
108.57988	-10.05938
108.57092	-10.05873
108.56196	-10.05809
108.55300	-10.05744
108.54404	-10.05680
108.53508	-10.05617
108.52612	-10.05554
108.51716	-10.05491
108.50821	-10.05409
108.49931	-10.05290
108.49041	-10.05169
108.48152	-10.05046
108.47262	-10.04921
108.46373	-10.04793
108.45484	-10.04664
108.44596	-10.04532
108.43708	-10.04398
108.42820	-10.04262
108.41933	-10.04123
108.41046	-10.03983
108.40159	-10.03840
108.39273	-10.03696
108.38387	-10.03549
108.37501	-10.03400
108.36616	-10.03248
108.35731	-10.03095
108.34846	-10.02940
108.33962	-10.02782
108.33078	-10.02622
108.32195	-10.02460
108.31312	-10.02296
108.30430	-10.02130
108.29548	-10.01961
108.28666	-10.01791
108.27785	-10.01618
108.26904	-10.01443
108.26023	-10.01266
108.25143	-10.01087
108.24264	-10.00906
108.23385	-10.00723
108.22506	-10.00537
108.21628	-10.00349
108.20750	-10.00160
108.19873	-9.99968
108.18997	-9.99774
108.18120	-9.99578
108.17245	-9.99379
108.16369	-9.99179
108.15495	-9.98976
108.14620	-9.98772
108.13746	-9.98565
108.12873	-9.98356
108.12001	-9.98145
108.11128	-9.97932
108.10257	-9.97716
108.09386	-9.97499
108.08515	-9.97279
108.07645	-9.97058
108.06775	-9.96834
108.05906	-9.96608
108.05038	-9.96380
108.04170	-9.96150
108.03303	-9.95918
108.02436	-9.95684
108.01570	-9.95447
108.00705	-9.95209
107.99840	-9.94968
107.98976	-9.94725
107.98112	-9.94481
107.97249	-9.94234
107.96386	-9.93985
107.95524	-9.93734
107.94663	-9.93480
107.93802	-9.93225
107.92943	-9.92968
107.92083	-9.92708
107.91224	-9.92447
107.90366	-9.92183
107.89509	-9.91917
107.88652	-9.91649
107.87796	-9.91379
107.86941	-9.91107
107.86086	-9.90833
107.85232	-9.90557
107.84379	-9.90279
107.83526	-9.89999
107.82674	-9.89716
107.81823	-9.89432
107.80972	-9.89145
107.80122	-9.88857
107.79273	-9.88566
107.78425	-9.88273
107.77577	-9.87979
107.76730	-9.87682
107.75884	-9.87383
107.75038	-9.87082
107.74194	-9.86779
107.73350	-9.86474
107.72506	-9.86167
107.71664	-9.85857
107.70822	-9.85546
107.69981	-9.85233
107.69141	-9.84918
107.68302	-9.84600
107.67463	-9.84281
107.66625	-9.83959
107.65788	-9.83636
107.64952	-9.83310
107.64101	-9.83030
107.63233	-9.82799
107.62366	-9.82567
107.61500	-9.82332
107.60634	-9.82095
107.59768	-9.81855
107.58904	-9.81614
107.58040	-9.81370
107.57176	-9.81125
107.56313	-9.80877
107.55451	-9.80627
107.54589	-9.80375
107.53728	-9.80121
107.52868	-9.79864
107.52008	-9.79606
107.51149	-9.79345
107.50291	-9.79083
107.49433	-9.78818
107.48576	-9.78551
107.47720	-9.78282
107.46864	-9.78011
107.46009	-9.77737
107.45155	-9.77462
107.44301	-9.77184
107.43448	-9.76905
107.42596	-9.76623
107.41745	-9.76339
107.40894	-9.76053
107.40044	-9.75765
107.39194	-9.75475
107.38346	-9.75182
107.37498	-9.74888
107.36651	-9.74591
107.35804	-9.74293
107.34959	-9.73992
107.34114	-9.73689
107.33270	-9.73384
107.32426	-9.73077
107.31584	-9.72768
107.30742	-9.72457
107.29901	-9.72144
107.29061	-9.71829
107.28221	-9.71511
107.27383	-9.71192
107.26545	-9.70870
107.25708	-9.70546
107.24872	-9.70221
107.24036	-9.69893
107.23202	-9.69563
107.22368	-9.69231
107.21535	-9.68897
107.20703	-9.68561
107.19872	-9.68223
107.19042	-9.67883
107.18212	-9.67540
107.17384	-9.67196
107.16556	-9.66850
107.15729	-9.66501
107.14903	-9.66151
107.14078	-9.65799
107.13254	-9.65444
107.12431	-9.65087
107.11608	-9.64729
107.10787	-9.64368
107.09966	-9.64005
107.09146	-9.63641
107.08328	-9.63274
107.07510	-9.62905
107.06693	-9.62534
107.05877	-9.62161
107.05062	-9.61787
107.04248	-9.61410
107.03435	-9.61031
107.02623	-9.60650
107.01811	-9.60267
107.01001	-9.59882
107.00192	-9.59495
106.99383	-9.59106
106.98576	-9.58715
106.97770	-9.58322
106.96964	-9.57927
106.96160	-9.57530
106.95357	-9.57131
106.94543	-9.56754
106.93727	-9.56380
106.92912	-9.56006
106.92097	-9.55631
106.91281	-9.55257
106.90466	-9.54883
106.89651	-9.54508
106.88835	-9.54134
106.88020	-9.53760
106.87205	-9.53385
106.86389	-9.53011
106.85574	-9.52637
106.84759	-9.52262
106.83943	-9.51888
106.83128	-9.51514
106.82313	-9.51139
106.81497	-9.50765
106.80682	-9.50390
106.79867	-9.50016
106.79051	-9.49642
106.78236	-9.49267
106.77421	-9.48893
106.76605	-9.48519
106.75790	-9.48144
106.74975	-9.47770
106.74159	-9.47395
106.73344	-9.47021
106.72529	-9.46647
106.71714	-9.46272
106.70898	-9.45898
106.70083	-9.45523
106.69268	-9.45149
106.68452	-9.44774
106.67637	-9.44400
106.66822	-9.44026
106.66006	-9.43651
106.65191	-9.43277
106.64376	-9.42902
106.63560	-9.42528
106.62745	-9.42153
106.61930	-9.41779
106.61114	-9.41404
106.60299	-9.41030
106.59482	-9.40659
106.58664	-9.40289
106.57848	-9.39918
106.57032	-9.39545
106.56217	-9.39169
106.55403	-9.38792
106.54590	-9.38412
106.53778	-9.38031
106.52967	-9.37647
106.52157	-9.37261
106.51348	-9.36874
106.50540	-9.36484
106.49733	-9.36092
106.48927	-9.35698
106.48122	-9.35303
106.47318	-9.34905
106.46514	-9.34505
106.45712	-9.34103
106.44911	-9.33699
106.44111	-9.33293
106.43312	-9.32885
106.42515	-9.32475
106.41718	-9.32063
106.40922	-9.31650
106.40127	-9.31234
106.39333	-9.30816
106.38541	-9.30396
106.37749	-9.29974
106.36959	-9.29550
106.36169	-9.29124
106.35381	-9.28696
106.34594	-9.28266
106.33808	-9.27834
106.33023	-9.27401
106.32239	-9.26965
106.31456	-9.26527
106.30674	-9.26087
106.29894	-9.25646
106.29114	-9.25202
106.28336	-9.24756
106.27559	-9.24309
106.26783	-9.23859
106.26008	-9.23408
106.25234	-9.22954
106.24461	-9.22499
106.23690	-9.22042
106.22920	-9.21582
106.22151	-9.21121
106.21383	-9.20658
106.20616	-9.20193
106.19850	-9.19726
106.19086	-9.19257
106.18323	-9.18786
106.17561	-9.18314
106.16800	-9.17839
106.16041	-9.17362
106.15282	-9.16884
106.14525	-9.16403
106.13769	-9.15921
106.13015	-9.15437
106.12261	-9.14951
106.11509	-9.14463
106.10758	-9.13973
106.10008	-9.13481
106.09260	-9.12987
106.08513	-9.12492
106.07767	-9.11994
106.07022	-9.11495
106.06279	-9.10994
106.05536	-9.10491
106.04796	-9.09986
106.04056	-9.09479
106.03318	-9.08970
106.02581	-9.08460
106.01845	-9.07947
106.01111	-9.07433
106.00378	-9.06917
105.99646	-9.06399
105.98915	-9.05879
105.98186	-9.05358
105.97459	-9.04834
105.96732	-9.04309
105.96007	-9.03782
105.95283	-9.03253
105.94561	-9.02722
105.93840	-9.02189
105.93120	-9.01655
105.92402	-9.01119
105.91685	-9.00581
105.90969	-9.00041
105.90255	-8.99499
105.89540	-8.98959
105.88803	-8.98448
105.88068	-8.97934
105.87334	-8.97419
105.86602	-8.96902
105.85871	-8.96383
105.85141	-8.95862
105.84413	-8.95339
105.83686	-8.94814
105.82960	-8.94287
105.82236	-8.93759
105.81514	-8.93228
105.80792	-8.92696
105.80072	-8.92161
105.79354	-8.91625
105.78637	-8.91087
105.77921	-8.90547
105.77207	-8.90005
105.76494	-8.89462
105.75783	-8.88916
105.75073	-8.88369
105.74365	-8.87819
105.73658	-8.87268
105.72952	-8.86715
105.72248	-8.86160
105.71545	-8.85603
105.70844	-8.85045
105.70145	-8.84485
105.69447	-8.83922
105.68750	-8.83358
105.68055	-8.82792
105.67361	-8.82225
105.66669	-8.81655
105.65978	-8.81084
105.65289	-8.80511
105.64601	-8.79936
105.63915	-8.79359
105.63230	-8.78780
105.62547	-8.78200
105.61872	-8.77612
105.61277	-8.76942
105.60707	-8.76251
105.60138	-8.75560
105.59567	-8.74870
105.58993	-8.74183
105.58416	-8.73497
105.57838	-8.72814
105.57257	-8.72132
105.56673	-8.71452
105.56087	-8.70775
105.55499	-8.70099
105.54909	-8.69426
105.54316	-8.68754
105.53720	-8.68085
105.53123	-8.67417
105.52523	-8.66752
105.51921	-8.66089
105.51316	-8.65428
105.50709	-8.64769
105.50100	-8.64112
105.49488	-8.63457
105.48875	-8.62804
105.48259	-8.62153
105.47640	-8.61505
105.47020	-8.60858
105.46397	-8.60214
105.45772	-8.59572
105.45144	-8.58932
105.44515	-8.58294
105.43883	-8.57659
105.43249	-8.57025
105.42613	-8.56394
105.41974	-8.55765
105.41333	-8.55138
105.40691	-8.54514
105.40046	-8.53891
105.39398	-8.53271
105.38749	-8.52653
105.38097	-8.52038
105.37444	-8.51424
105.36788	-8.50813
105.36130	-8.50204
105.35470	-8.49598
105.34808	-8.48993
105.34143	-8.48391
105.33477	-8.47792
105.32808	-8.47194
105.32138	-8.46599
105.31465	-8.46006
105.30790	-8.45416
105.30114	-8.44828
105.29435	-8.44242
105.28754	-8.43659
105.28071	-8.43078
105.27386	-8.42499
105.26699	-8.41922
105.26010	-8.41349
105.25319	-8.40777
105.24626	-8.40208
105.23931	-8.39641
105.23234	-8.39077
105.22535	-8.38515
105.21834	-8.37955
105.21131	-8.37398
105.20426	-8.36843
105.19720	-8.36291
105.19011	-8.35741
105.18300	-8.35194
105.17588	-8.34649
105.16874	-8.34107
105.16157	-8.33567
105.15439	-8.33029
105.14719	-8.32494
105.13997	-8.31962
105.13273	-8.31432
105.12548	-8.30904
105.11820	-8.30379
105.11091	-8.29857
105.10360	-8.29337
105.09627	-8.28820
105.08892	-8.28305
105.08156	-8.27793
105.07417	-8.27283
105.06677	-8.26776
105.05935	-8.26271
105.05192	-8.25769
105.04446	-8.25270
105.03699	-8.24773
105.02950	-8.24278
105.02200	-8.23787
105.01448	-8.23298
105.00694	-8.22811
104.99938	-8.22327
104.99181	-8.21846
104.98422	-8.21367
104.97661	-8.20891
104.96898	-8.20418
104.96134	-8.19947
104.95369	-8.19479
104.94601	-8.19014
104.93832	-8.18551
104.93062	-8.18091
104.92290	-8.17634
104.91516	-8.17179
104.90741	-8.16727
104.89964	-8.16277
104.89185	-8.15831
104.88405	-8.15387
104.87624	-8.14946
104.86841	-8.14507
104.86056	-8.14071
104.85270	-8.13638
104.84482	-8.13208
104.83693	-8.12780
104.82902	-8.12355
104.82110	-8.11933
104.81317	-8.11513
104.80521	-8.11097
104.79725	-8.10683
104.78927	-8.10272
104.78128	-8.09863
104.77327	-8.09458
104.76524	-8.09055
104.75721	-8.08655
104.74916	-8.08258
104.74109	-8.07863
104.73302	-8.07471
104.72492	-8.07083
104.71682	-8.06697
104.70870	-8.06313
104.70057	-8.05933
104.69242	-8.05555
104.68427	-8.05181
104.67609	-8.04809
104.66791	-8.04439
104.65971	-8.04073
104.65150	-8.03710
104.64328	-8.03349
104.63505	-8.02991
104.62680	-8.02637
104.61854	-8.02285
104.61027	-8.01935
104.60198	-8.01589
104.59369	-8.01246
104.58538	-8.00905
104.57706	-8.00568
104.56873	-8.00233
104.56038	-7.99901
104.55203	-7.99572
104.54366	-7.99246
104.53528	-7.98923
104.52689	-7.98603
104.51849	-7.98285
104.51008	-7.97971
104.50166	-7.97660
104.49323	-7.97351
104.48478	-7.97045
104.47633	-7.96743
104.46786	-7.96443
104.45939	-7.96146
104.45090	-7.95852
104.44241	-7.95561
104.43390	-7.95273
104.42538	-7.94988
104.41686	-7.94706
104.40832	-7.94427
104.39978	-7.94151
104.39122	-7.93878
104.38266	-7.93608
104.37408	-7.93340
104.36550	-7.93076
104.35691	-7.92815
104.34831	-7.92557
104.33970	-7.92301
104.33108	-7.92049
104.32245	-7.91800
104.31364	-7.91627
104.30481	-7.91461
104.29598	-7.91294
104.28716	-7.91125
104.27835	-7.90954
104.26953	-7.90781
104.26072	-7.90606
104.25192	-7.90429
104.24311	-7.90250
104.23432	-7.90069
104.22552	-7.89886
104.21673	-7.89701
104.20795	-7.89514
104.19917	-7.89325
104.19039	-7.89135
104.18162	-7.88942
104.17285	-7.88747
104.16408	-7.88551
104.15532	-7.88352
104.14657	-7.88152
104.13782	-7.87949
104.12907	-7.87745
104.12033	-7.87538
104.11159	-7.87330
104.10286	-7.87120
104.09413	-7.86907
104.08541	-7.86693
104.07669	-7.86477
104.06798	-7.86259
104.05927	-7.86039
104.05057	-7.85817
104.04187	-7.85593
104.03318	-7.85367
104.02449	-7.85139
104.01581	-7.84910
104.00713	-7.84678
103.99846	-7.84444
103.98979	-7.84209
103.98113	-7.83971
103.97247	-7.83732
103.96382	-7.83490
103.95518	-7.83247
103.94654	-7.83002
103.93790	-7.82755
103.92927	-7.82506
103.92065	-7.82255
103.91203	-7.82002
103.90342	-7.81747
103.89482	-7.81490
103.88621	-7.81231
103.87762	-7.80971
103.86903	-7.80708
103.86045	-7.80444
103.85187	-7.80177
103.84330	-7.79909
103.83474	-7.79639
103.82618	-7.79367
103.81762	-7.79093
103.80908	-7.78817
103.80054	-7.78539
103.79200	-7.78259
103.78348	-7.77977
103.77496	-7.77694
103.76644	-7.77408
103.75793	-7.77121
103.74943	-7.76832
103.74093	-7.76540
103.73245	-7.76247
103.72396	-7.75952
103.71549	-7.75655
103.70702	-7.75357
103.69856	-7.75056
103.69010	-7.74753
103.68165	-7.74449
103.67321	-7.74143
103.66478	-7.73834
103.65635	-7.73524
103.64793	-7.73212
103.63951	-7.72899
103.63111	-7.72583
103.62271	-7.72265
103.61431	-7.71946
103.60593	-7.71624
103.59755	-7.71301
103.58918	-7.70976
103.58081	-7.70649
103.57246	-7.70320
103.56411	-7.69989
103.55577	-7.69657
103.54743	-7.69322
103.53911	-7.68986
103.53079	-7.68648
103.52248	-7.68308
103.51417	-7.67966
103.50588	-7.67622
103.49759	-7.67276
103.48931	-7.66929
103.48104	-7.66580
103.47277	-7.66228
103.46451	-7.65875
103.45627	-7.65521
103.44802	-7.65164
103.43979	-7.64805
103.43157	-7.64445
103.42335	-7.64083
103.41514	-7.63719
103.40694	-7.63353
103.39875	-7.62985
103.39056	-7.62615
103.38239	-7.62244
103.37422	-7.61871
103.36606	-7.61496
103.35791	-7.61119
103.34977	-7.60740
103.34164	-7.60360
103.33351	-7.59977
103.32540	-7.59593
103.31729	-7.59207
103.30919	-7.58819
103.30110	-7.58430
103.29302	-7.58038
103.28495	-7.57645
103.27688	-7.57250
103.26883	-7.56853
103.26078	-7.56455
103.25274	-7.56054
103.24472	-7.55652
103.23670	-7.55248
103.22869	-7.54842
103.22069	-7.54435
103.21269	-7.54025
103.20471	-7.53614
103.19674	-7.53201
103.18877	-7.52786
103.18082	-7.52370
103.17287	-7.51951
103.16494	-7.51531
103.15701	-7.51110
103.14910	-7.50686
103.14119	-7.50260
103.13329	-7.49833
103.12540	-7.49404
103.11752	-7.48974
103.10965	-7.48541
103.10180	-7.48107
103.09395	-7.47671
103.08611	-7.47233
103.07828	-7.46794
103.07046	-7.46352
103.06265	-7.45909
103.05485	-7.45465
103.04706	-7.45018
103.03928	-7.44570
103.03151	-7.44120
103.02375	-7.43668
103.01600	-7.43215
103.00826	-7.42759
103.00053	-7.42302
102.99281	-7.41844
102.98510	-7.41383
102.97740	-7.40921
102.96971	-7.40457
102.96204	-7.39992
102.95437	-7.39525
102.94671	-7.39056
102.93907	-7.38585
102.93143	-7.38112
102.92381	-7.37638
102.91619	-7.37162
102.90859	-7.36685
102.90100	-7.36206
102.89341	-7.35725
102.88584	-7.35242
102.87828	-7.34758
102.87073	-7.34271
102.86319	-7.33784
102.85567	-7.33294
102.84815	-7.32803
102.84064	-7.32310
102.83315	-7.31816
102.82567	-7.31320
102.81819	-7.30822
102.81073	-7.30322
102.80328	-7.29821
102.79584	-7.29318
102.78842	-7.28814
102.78100	-7.28308
102.77360	-7.27800
102.76620	-7.27290
102.75882	-7.26779
102.75145	-7.26266
102.74409	-7.25752
102.73675	-7.25236
102.72941	-7.24718
102.72209	-7.24198
102.71477	-7.23677
102.70747	-7.23155
102.70018	-7.22630
102.69291	-7.22104
102.68564	-7.21577
102.67839	-7.21048
102.67115	-7.20517
102.66392	-7.19984
102.65670	-7.19450
102.64949	-7.18914
102.64230	-7.18377
102.63512	-7.17838
102.62795	-7.17298
102.62079	-7.16755
102.61364	-7.16212
102.60651	-7.15666
102.59939	-7.15119
102.59228	-7.14571
102.58519	-7.14021
102.57810	-7.13469
102.57103	-7.12915
102.56397	-7.12360
102.55692	-7.11804
102.54989	-7.11246
102.54287	-7.10686
102.53586	-7.10125
102.52886	-7.09562
102.52188	-7.08998
102.51491	-7.08432
102.50795	-7.07864
102.50100	-7.07295
102.49407	-7.06724
102.48715	-7.06152
102.48024	-7.05579
102.47335	-7.05003
102.46647	-7.04426
102.45960	-7.03848
102.45274	-7.03268
102.44590	-7.02687
102.43907	-7.02103
102.43225	-7.01519
102.42545	-7.00933
102.41866	-7.00345
102.41188	-6.99756
102.40512	-6.99165
102.39837	-6.98573
102.39163	-6.97980
102.38491	-6.97384
102.37820	-6.96788
102.37150	-6.96189
102.36482	-6.95590
102.35814	-6.94988
102.35149	-6.94386
102.34484	-6.93782
102.33821	-6.93176
102.33160	-6.92569
102.32500	-6.91960
102.31841	-6.91350
102.31183	-6.90738
102.30527	-6.90125
102.29872	-6.89510
102.29219	-6.88894
102.28567	-6.88277
102.27916	-6.87658
102.27267	-6.87037
102.26619	-6.86415
102.25973	-6.85792
102.25327	-6.85167
102.24684	-6.84541
102.24042	-6.83913
102.23401	-6.83284
102.22761	-6.82653
102.22123	-6.82021
102.21487	-6.81388
102.20851	-6.80753
102.20218	-6.80116
102.19585	-6.79479
102.18954	-6.78839
102.18325	-6.78199
102.17697	-6.77557
102.17070	-6.76913
102.16445	-6.76269
102.15821	-6.75622
102.15199	-6.74975
102.14578	-6.74326
102.13959	-6.73675
102.13341	-6.73023
102.12725	-6.72370
102.12110	-6.71715
102.11496	-6.71059
102.10884	-6.70402
102.10274	-6.69743
102.09664	-6.69083
102.09057	-6.68422
102.08451	-6.67759
102.07846	-6.67094
102.07243	-6.66429
102.06641	-6.65762
102.06041	-6.65093
102.05442	-6.64424
102.04845	-6.63753
102.04250	-6.63080
102.03655	-6.62407
102.03063	-6.61732
102.02472	-6.61055
102.01882	-6.60378
102.01294	-6.59699
102.00707	-6.59018
102.00122	-6.58337
101.99539	-6.57654
101.98957	-6.56969
101.98376	-6.56284
101.97797	-6.55597
101.97220	-6.54908
101.96644	-6.54219
101.96070	-6.53528
101.95497	-6.52836
101.94926	-6.52143
101.94356	-6.51448
101.93788	-6.50752
101.93222	-6.50055
101.92657	-6.49356
101.92093	-6.48656
101.91492	-6.47993
101.90818	-6.47399
101.90143	-6.46805
101.89470	-6.46211
101.88797	-6.45616
101.88124	-6.45020
101.87452	-6.44424
101.86781	-6.43826
101.86110	-6.43229
101.85440	-6.42630
101.84771	-6.42031
101.84102	-6.41431
101.83433	-6.40831
101.82766	-6.40230
101.82098	-6.39628
101.81432	-6.39026
101.80766	-6.38423
101.80100	-6.37819
101.79435	-6.37215
101.78771	-6.36610
101.78107	-6.36004
101.77444	-6.35398
101.76781	-6.34791
101.76120	-6.34184
101.75458	-6.33575
101.74797	-6.32967
101.74137	-6.32357
101.73477	-6.31747
101.72818	-6.31136
101.72160	-6.30525
101.71502	-6.29913
101.70845	-6.29300
101.70188	-6.28687
101.69532	-6.28073
101.68877	-6.27458
101.68222	-6.26843
101.67567	-6.26227
101.66914	-6.25610
101.66261	-6.24993
101.65608	-6.24375
101.64956	-6.23757
101.64305	-6.23138
101.63654	-6.22518
101.63004	-6.21897
101.62355	-6.21276
101.61706	-6.20655
101.61057	-6.20032
101.60410	-6.19410
101.59762	-6.18786
101.59116	-6.18162
101.58470	-6.17537
101.57825	-6.16912
101.57180	-6.16285
101.56536	-6.15659
101.55892	-6.15031
101.55250	-6.14403
101.54607	-6.13775
101.53966	-6.13146
101.53325	-6.12516
101.52684	-6.11885
101.52044	-6.11254
101.51405	-6.10622
101.50766	-6.09990
101.50128	-6.09357
101.49491	-6.08723
101.48854	-6.08089
101.48218	-6.07454
101.47582	-6.06819
101.46947	-6.06183
101.46313	-6.05546
101.45679	-6.04909
101.45046	-6.04271
101.44414	-6.03632
101.43782	-6.02993
101.43151	-6.02353
101.42520	-6.01713
101.41890	-6.01071
101.41261	-6.00430
101.40632	-5.99788
101.40004	-5.99145
101.39376	-5.98501
101.38749	-5.97857
101.38123	-5.97212
101.37497	-5.96567
101.36872	-5.95921
101.36248	-5.95274
101.35624	-5.94627
101.35001	-5.93979
101.34378	-5.93331
101.33756	-5.92682
101.33135	-5.92032
101.32514	-5.91382
101.31894	-5.90731
101.31275	-5.90080
101.30656	-5.89427
101.30038	-5.88775
101.29420	-5.88121
101.28803	-5.87468
101.28187	-5.86813
101.27571	-5.86158
101.26956	-5.85502
101.26342	-5.84846
101.25728	-5.84189
101.25115	-5.83532
101.24503	-5.82873
101.23891	-5.82215
101.23280	-5.81555
101.22669	-5.80896
101.22059	-5.80235
101.21450	-5.79574
101.20841	-5.78912
101.20233	-5.78250
101.19626	-5.77587
101.19019	-5.76924
101.18413	-5.76259
101.17808	-5.75595
101.17203	-5.74929
101.16599	-5.74264
101.15995	-5.73597
101.15392	-5.72930
101.14790	-5.72262
101.14188	-5.71594
101.13587	-5.70925
101.12987	-5.70256
101.12387	-5.69586
101.11788	-5.68915
101.11190	-5.68244
101.10592	-5.67573
101.09995	-5.66900
101.09399	-5.66227
101.08803	-5.65554
101.08208	-5.64880
101.07613	-5.64205
101.07020	-5.63530
101.06426	-5.62854
101.05834	-5.62177
101.05242	-5.61500
101.04651	-5.60823
101.04060	-5.60145
101.03470	-5.59466
101.02881	-5.58786
101.02293	-5.58107
101.01705	-5.57426
101.01117	-5.56745
101.00531	-5.56063
100.99945	-5.55381
100.99359	-5.54698
100.98775	-5.54015
100.98191	-5.53331
100.97607	-5.52647
100.97025	-5.51961
100.96443	-5.51276
100.95861	-5.50590
100.95281	-5.49903
100.94701	-5.49215
100.94121	-5.48527
100.93543	-5.47839
100.92965	-5.47150
100.92387	-5.46460
100.91811	-5.45770
100.91235	-5.45079
100.90659	-5.44388
100.90085	-5.43696
100.89510	-5.43004
100.88937	-5.42311
100.88364	-5.41617
100.87792	-5.40923
100.87221	-5.40228
100.86650	-5.39533
100.86080	-5.38837
100.85511	-5.38141
100.84942	-5.37444
100.84374	-5.36746
100.83807	-5.36048
100.83240	-5.35349
100.82674	-5.34650
100.82109	-5.33950
100.81544	-5.33250
100.80980	-5.32549
100.80417	-5.31848
100.79854	-5.31146
100.79293	-5.30443
100.78731	-5.29740
100.78171	-5.29037
100.77611	-5.28332
100.77052	-5.27628
100.76493	-5.26922
100.75935	-5.26217
100.75378	-5.25510
100.74822	-5.24803
100.74266	-5.24096
100.73711	-5.23388
100.73156	-5.22679
100.72602	-5.21970
100.72049	-5.21261
100.71497	-5.20550
100.70945	-5.19840
100.70394	-5.19128
100.69844	-5.18417
100.69294	-5.17704
100.68745	-5.16991
100.68197	-5.16278
100.67649	-5.15564
100.67102	-5.14849
100.66556	-5.14134
100.66011	-5.13419
100.65466	-5.12703
100.64922	-5.11986
100.64378	-5.11269
100.63835	-5.10551
100.63293	-5.09833
100.62752	-5.09114
100.62211	-5.08395
100.61671	-5.07675
100.61132	-5.06955
100.60593	-5.06234
100.60055	-5.05512
100.59518	-5.04790
100.58982	-5.04068
100.58446	-5.03345
100.57911	-5.02621
100.57376	-5.01897
100.56843	-5.01172
100.56310	-5.00447
100.55777	-4.99722
100.55246	-4.98995
100.54715	-4.98269
100.54184	-4.97541
100.53655	-4.96814
100.53126	-4.96085
100.52598	-4.95357
100.52071	-4.94627
100.51544	-4.93897
100.51018	-4.93167
100.50492	-4.92436
100.49968	-4.91705
100.49444	-4.90973
100.48921	-4.90241
100.48398	-4.89508
100.47876	-4.88774
100.47355	-4.88040
100.46835	-4.87306
100.46315	-4.86571
100.45796	-4.85835
100.45278	-4.85099
100.44761	-4.84363
100.44244	-4.83626
100.43728	-4.82888
100.43212	-4.82150
100.42697	-4.81412
100.42183	-4.80673
100.41662	-4.79939
100.41129	-4.79214
100.40595	-4.78489
100.40061	-4.77764
100.39528	-4.77039
100.38994	-4.76314
100.38461	-4.75589
100.37927	-4.74864
100.37393	-4.74139
100.36860	-4.73414
100.36326	-4.72689
100.35793	-4.71964
100.35259	-4.71239
100.34726	-4.70514
100.34192	-4.69789
100.33658	-4.69063
100.33125	-4.68338
100.32591	-4.67613
100.32058	-4.66888
100.31524	-4.66163
100.30991	-4.65438
100.30457	-4.64713
100.29923	-4.63988
100.29390	-4.63263
100.28856	-4.62537
100.28323	-4.61812
100.27789	-4.61087
100.27256	-4.60362
100.26722	-4.59637
100.26188	-4.58912
100.25655	-4.58186
100.25121	-4.57461
100.24588	-4.56736
100.24054	-4.56011
100.23520	-4.55286
100.22987	-4.54560
100.22453	-4.53835
100.21920	-4.53110
100.21386	-4.52385
100.20853	-4.51659
100.20319	-4.50934
100.19785	-4.50209
100.19252	-4.49484
100.18718	-4.48758
100.18185	-4.48033
100.17651	-4.47308
100.17118	-4.46582
100.16584	-4.45857
100.16050	-4.45132
100.15517	-4.44406
100.14983	-4.43681
100.14450	-4.42956
100.13916	-4.42230
100.13383	-4.41505
100.12849	-4.40780
100.12315	-4.40054
100.11782	-4.39329
100.11248	-4.38603
100.10715	-4.37878
100.10181	-4.37153
100.09647	-4.36427
100.09114	-4.35702
100.08580	-4.34976
100.08047	-4.34251
100.07513	-4.33526
100.06980	-4.32800
100.06446	-4.32075
100.05912	-4.31349
100.05379	-4.30624
100.04845	-4.29898
100.04312	-4.29173
100.03778	-4.28447
100.03245	-4.27722
100.02711	-4.26996
100.02177	-4.26271
100.01644	-4.25545
100.01110	-4.24820
100.00577	-4.24094
100.00043	-4.23369
99.99510	-4.22643
99.98976	-4.21918
99.98442	-4.21192
99.97909	-4.20467
99.97375	-4.19741
99.96842	-4.19015
99.96308	-4.18290
99.95774	-4.17564
99.95241	-4.16839
99.94707	-4.16113
99.94174	-4.15387
99.93640	-4.14662
99.93107	-4.13936
99.92573	-4.13211
99.92039	-4.12485
99.91506	-4.11759
99.90972	-4.11034
99.90439	-4.10308
99.89905	-4.09582
99.89372	-4.08857
99.88838	-4.08131
99.88304	-4.07405
99.87771	-4.06680
99.87237	-4.05954
99.86704	-4.05228
99.86170	-4.04502
99.85636	-4.03777
99.85103	-4.03051
99.84569	-4.02325
99.84036	-4.01600
99.83502	-4.00874
99.82969	-4.00148
99.82435	-3.99422
99.81901	-3.98696
99.81368	-3.97971
99.80834	-3.97245
99.80301	-3.96519
99.79767	-3.95793
99.79234	-3.95068
99.78700	-3.94342
99.78166	-3.93616
99.77633	-3.92890
99.77099	-3.92164
99.76566	-3.91439
99.76032	-3.90713
99.75499	-3.89987
99.74965	-3.89261
99.74431	-3.88535
99.73898	-3.87809
99.73364	-3.87083
99.72831	-3.86358
99.72297	-3.85632
99.71763	-3.84906
99.71230	-3.84180
99.70696	-3.83454
99.70163	-3.82728
99.69629	-3.82002
99.69096	-3.81276
99.68562	-3.80550
99.68028	-3.79824
99.67495	-3.79098
99.66961	-3.78373
99.66428	-3.77647
99.65894	-3.76921
99.65361	-3.76195
99.64827	-3.75469
99.64293	-3.74743
99.63760	-3.74017
99.63226	-3.73291
99.62693	-3.72565
99.62159	-3.71839
99.61626	-3.71113
99.61092	-3.70387
99.60558	-3.69661
99.60025	-3.68935
99.59491	-3.68209
99.58958	-3.67483
99.58424	-3.66757
99.57890	-3.66031
99.57357	-3.65305
99.56823	-3.64579
99.56290	-3.63852
99.55756	-3.63126
99.55223	-3.62400
99.54689	-3.61674
99.54155	-3.60948
99.53622	-3.60222
99.53088	-3.59496
99.52555	-3.58770
99.52021	-3.58044
99.51488	-3.57318
99.50954	-3.56592
99.50420	-3.55865
99.49887	-3.55139
99.49353	-3.54413
99.48820	-3.53687
99.48286	-3.52961
99.47753	-3.52235
99.47219	-3.51509
99.46685	-3.50782
99.46152	-3.50056
99.45618	-3.49330
99.45085	-3.48604
99.44551	-3.47878
99.44017	-3.47151
99.43484	-3.46425
99.42950	-3.45699
99.42417	-3.44973
99.41883	-3.44247
99.41350	-3.43520
99.40816	-3.42794
99.40282	-3.42068
99.39749	-3.41342
99.39215	-3.40615
99.38682	-3.39889
99.38148	-3.39163
99.37615	-3.38437
99.37081	-3.37710
99.36547	-3.36984
99.36014	-3.36258
99.35480	-3.35532
99.34947	-3.34805
99.34413	-3.34079
99.33880	-3.33353
99.33346	-3.32626
99.32812	-3.31900
99.32279	-3.31174
99.31745	-3.30447
99.31212	-3.29721
99.30678	-3.28995
99.30144	-3.28268
99.29611	-3.27542
99.29077	-3.26816
99.28544	-3.26089
99.27960	-3.25403
99.27375	-3.24718
99.26790	-3.24033
99.26206	-3.23347
99.25623	-3.22660
99.25041	-3.21972
99.24459	-3.21284
99.23879	-3.20595
99.23299	-3.19905
99.22720	-3.19215
99.22142	-3.18524
99.21564	-3.17832
99.20987	-3.17140
99.20412	-3.16447
99.19837	-3.15753
99.19262	-3.15059
99.18689	-3.14364
99.18116	-3.13668
99.17544	-3.12972
99.16973	-3.12275
99.16403	-3.11577
99.15834	-3.10878
99.15265	-3.10179
99.14697	-3.09480
99.14130	-3.08779
99.13564	-3.08078
99.12999	-3.07376
99.12434	-3.06674
99.11870	-3.05971
99.11308	-3.05267
99.10745	-3.04562
99.10184	-3.03857
99.09624	-3.03152
99.09064	-3.02445
99.08505	-3.01738
99.07947	-3.01030
99.07390	-3.00322
99.06834	-2.99613
99.06278	-2.98903
99.05723	-2.98193
99.05170	-2.97482
99.04616	-2.96770
99.04064	-2.96058
99.03513	-2.95345
99.02962	-2.94631
99.02412	-2.93917
99.01863	-2.93202
99.01315	-2.92487
99.00768	-2.91770
99.00222	-2.91053
98.99676	-2.90336
98.99131	-2.89618
98.98587	-2.88899
98.98044	-2.88180
98.97502	-2.87460
98.96960	-2.86739
98.96420	-2.86017
98.95880	-2.85296
98.95341	-2.84573
98.94803	-2.83850
98.94266	-2.83126
98.93729	-2.82401
98.93194	-2.81676
98.92659	-2.80950
98.92125	-2.80224
98.91592	-2.79497
98.91060	-2.78769
98.90528	-2.78041
98.89998	-2.77312
98.89468	-2.76582
98.88939	-2.75852
98.88411	-2.75121
98.87884	-2.74390
98.87358	-2.73658
98.86832	-2.72925
98.86307	-2.72192
98.85784	-2.71458
98.85261	-2.70724
98.84739	-2.69988
98.84217	-2.69253
98.83697	-2.68516
98.83178	-2.67779
98.82659	-2.67042
98.82141	-2.66304
98.81624	-2.65565
98.81108	-2.64825
98.80593	-2.64085
98.80079	-2.63345
98.79565	-2.62603
98.79052	-2.61862
98.78541	-2.61119
98.78030	-2.60376
98.77520	-2.59632
98.77010	-2.58888
98.76502	-2.58143
98.75994	-2.57398
98.75488	-2.56652
98.74982	-2.55905
98.74477	-2.55158
98.73973	-2.54410
98.73470	-2.53662
98.72968	-2.52913
98.72466	-2.52163
98.71966	-2.51413
98.71466	-2.50662
98.70967	-2.49911
98.70469	-2.49159
98.69972	-2.48406
98.69476	-2.47653
98.68981	-2.46899
98.68486	-2.46145
98.67992	-2.45390
98.67500	-2.44634
98.67047	-2.43854
98.66613	-2.43063
98.66176	-2.42274
98.65736	-2.41486
98.65293	-2.40700
98.64847	-2.39916
98.64397	-2.39134
98.63945	-2.38353
98.63489	-2.37575
98.63030	-2.36798
98.62568	-2.36023
98.62103	-2.35250
98.61635	-2.34478
98.61164	-2.33709
98.60690	-2.32942
98.60213	-2.32176
98.59733	-2.31412
98.59249	-2.30651
98.58763	-2.29891
98.58274	-2.29133
98.57782	-2.28377
98.57286	-2.27623
98.56788	-2.26871
98.56287	-2.26121
98.55783	-2.25373
98.55276	-2.24627
98.54765	-2.23884
98.54252	-2.23142
98.53736	-2.22402
98.53217	-2.21665
98.52696	-2.20929
98.52171	-2.20196
98.51643	-2.19464
98.51112	-2.18735
98.50579	-2.18008
98.50043	-2.17283
98.49503	-2.16560
98.48961	-2.15840
98.48416	-2.15121
98.47869	-2.14405
98.47318	-2.13691
98.46764	-2.12979
98.46208	-2.12269
98.45649	-2.11562
98.45087	-2.10857
98.44522	-2.10154
98.43955	-2.09454
98.43385	-2.08755
98.42812	-2.08059
98.42236	-2.07366
98.41657	-2.06674
98.41076	-2.05985
98.40492	-2.05298
98.39905	-2.04614
98.39316	-2.03932
98.38724	-2.03252
98.38129	-2.02575
98.37531	-2.01900
98.36931	-2.01228
98.36328	-2.00558
98.35723	-1.99890
98.35114	-1.99225
98.34524	-1.98544
98.33939	-1.97858
98.33356	-1.97171
98.32773	-1.96483
98.32192	-1.95794
98.31611	-1.95104
98.31031	-1.94414
98.30452	-1.93723
98.29874	-1.93031
98.29297	-1.92338
98.28721	-1.91644
98.28146	-1.90950
98.27572	-1.90255
98.26999	-1.89559
98.26426	-1.88862
98.25855	-1.88165
98.25285	-1.87466
98.24715	-1.86767
98.24147	-1.86067
98.23579	-1.85367
98.23013	-1.84665
98.22447	-1.83963
98.21883	-1.83260
98.21319	-1.82556
98.20756	-1.81852
98.20195	-1.81146
98.19634	-1.80440
98.19074	-1.79733
98.18515	-1.79025
98.17957	-1.78317
98.17400	-1.77608
98.16844	-1.76898
98.16289	-1.76187
98.15735	-1.75475
98.15182	-1.74763
98.14630	-1.74050
98.14079	-1.73336
98.13529	-1.72621
98.12980	-1.71906
98.12432	-1.71190
98.11884	-1.70473
98.11338	-1.69755
98.10793	-1.69037
98.10249	-1.68318
98.09705	-1.67598
98.09163	-1.66877
98.08622	-1.66156
98.08081	-1.65434
98.07542	-1.64711
98.07004	-1.63987
98.06466	-1.63263
98.05930	-1.62538
98.05394	-1.61812
98.04860	-1.61085
98.04326	-1.60358
98.03794	-1.59630
98.03263	-1.58901
98.02732	-1.58171
98.02203	-1.57441
98.01674	-1.56710
98.01147	-1.55978
98.00620	-1.55246
98.00095	-1.54512
97.99570	-1.53779
97.99047	-1.53044
97.98524	-1.52308
97.98003	-1.51572
97.97482	-1.50835
97.96963	-1.50098
97.96444	-1.49360
97.95927	-1.48621
97.95410	-1.47881
97.94895	-1.47141
97.94381	-1.46399
97.93867	-1.45658
97.93355	-1.44915
97.92843	-1.44172
97.92333	-1.43428
97.91823	-1.42683
97.91315	-1.41938
97.90808	-1.41192
97.90301	-1.40445
97.89796	-1.39697
97.89292	-1.38949
97.88789	-1.38200
97.88286	-1.37451
97.87785	-1.36700
97.87285	-1.35949
97.86786	-1.35198
97.86288	-1.34445
97.85790	-1.33692
97.85294	-1.32938
97.84799	-1.32184
97.84305	-1.31429
97.83812	-1.30673
97.83320	-1.29917
97.82829	-1.29160
97.82339	-1.28402
97.81850	-1.27643
97.81362	-1.26884
97.80876	-1.26124
97.80390	-1.25364
97.79905	-1.24602
97.79421	-1.23841
97.78939	-1.23078
97.78457	-1.22315
97.77976	-1.21551
97.77497	-1.20786
97.77018	-1.20021
97.76541	-1.19255
97.76064	-1.18489
97.75589	-1.17722
97.75115	-1.16954
97.74641	-1.16185
97.74169	-1.15416
97.73698	-1.14646
97.73228	-1.13876
97.72759	-1.13105
97.72291	-1.12333
97.71824	-1.11561
97.71358	-1.10787
97.70893	-1.10014
97.70429	-1.09239
97.69966	-1.08464
97.69504	-1.07689
97.69044	-1.06913
97.68584	-1.06136
97.68125	-1.05358
97.67668	-1.04580
97.67211	-1.03801
97.66756	-1.03022
97.66302	-1.02242
97.65849	-1.01461
97.65396	-1.00680
97.64945	-0.99898
97.64495	-0.99115
97.64046	-0.98332
97.63598	-0.97548
97.63151	-0.96764
97.62706	-0.95979
97.62236	-0.95208
97.61764	-0.94439
97.61292	-0.93669
97.60821	-0.92899
97.60349	-0.92130
97.59878	-0.91360
97.59406	-0.90590
97.58935	-0.89821
97.58463	-0.89051
97.57992	-0.88281
97.57520	-0.87512
97.57049	-0.86742
97.56577	-0.85972
97.56106	-0.85203
97.55634	-0.84433
97.55162	-0.83663
97.54638	-0.82930
97.54095	-0.82210
97.53552	-0.81490
97.53009	-0.80769
97.52465	-0.80049
97.51922	-0.79329
97.51379	-0.78608
97.50836	-0.77888
97.50293	-0.77168
97.49750	-0.76447
97.49207	-0.75727
97.48664	-0.75007
97.48121	-0.74286
97.47578	-0.73566
97.47035	-0.72846
97.46492	-0.72125
97.45948	-0.71405
97.45405	-0.70685
97.44862	-0.69965
97.44319	-0.69244
97.43776	-0.68524
97.43233	-0.67804
97.42690	-0.67083
97.42147	-0.66363
97.41604	-0.65642
97.41061	-0.64922
97.40518	-0.64202
97.39975	-0.63481
97.39431	-0.62761
97.38888	-0.62041
97.38345	-0.61320
97.37802	-0.60600
97.37240	-0.59895
97.36642	-0.59221
97.36044	-0.58546
97.35446	-0.57871
97.34848	-0.57196
97.34250	-0.56521
97.33653	-0.55846
97.33055	-0.55171
97.32457	-0.54496
97.31859	-0.53821
97.31261	-0.53147
97.30663	-0.52472
97.30065	-0.51797
97.29467	-0.51122
97.28869	-0.50447
97.28271	-0.49772
97.27673	-0.49097
97.27149	-0.48369
97.26711	-0.47580
97.26272	-0.46791
97.25833	-0.46002
97.25394	-0.45213
97.24955	-0.44424
97.24516	-0.43635
97.24077	-0.42846
97.23639	-0.42056
97.23200	-0.41267
97.22761	-0.40478
97.22322	-0.39689
97.21883	-0.38900
97.21444	-0.38111
97.21005	-0.37322
97.20567	-0.36533
97.20128	-0.35744
97.19689	-0.34955
97.19337	-0.34124
97.19006	-0.33283
97.18675	-0.32443
97.18344	-0.31602
97.18013	-0.30761
97.17682	-0.29920
97.17351	-0.29080
97.17020	-0.28239
97.16689	-0.27398
97.16358	-0.26558
97.16026	-0.25717
97.15695	-0.24876
97.15364	-0.24035
97.15033	-0.23195
97.14702	-0.22354
97.14371	-0.21513
97.14040	-0.20673
97.13709	-0.19832
97.13372	-0.18994
97.13029	-0.18158
97.12685	-0.17322
97.12341	-0.16487
97.11998	-0.15651
97.11654	-0.14816
97.11310	-0.13980
97.10966	-0.13145
97.10623	-0.12309
97.10279	-0.11474
97.09935	-0.10638
97.09592	-0.09802
97.09248	-0.08967
97.08904	-0.08131
97.08561	-0.07296
97.08217	-0.06460
97.07873	-0.05625
97.07530	-0.04789
97.07186	-0.03953
97.06842	-0.03118
97.06498	-0.02282
97.06155	-0.01447
97.05811	-0.00611
97.05467	0.00224
97.05124	0.01060
97.04780	0.01895
97.04436	0.02731
97.04093	0.03567
97.03749	0.04402
97.03405	0.05238
97.03061	0.06073
97.02718	0.06909
97.02374	0.07744
97.02030	0.08580
97.01687	0.09415
97.01343	0.10251
97.00999	0.11087
97.00656	0.11922
97.00312	0.12758
96.99968	0.13593
96.99624	0.14429
96.99281	0.15264
96.98937	0.16100
96.98593	0.16935
96.98250	0.17771
96.97906	0.18607
96.97562	0.19442
96.97219	0.20278
96.96875	0.21113
96.96531	0.21949
96.96188	0.22784
96.95844	0.23620
96.95500	0.24455
96.95156	0.25291
96.94813	0.26127
96.94469	0.26962
96.94125	0.27798
96.93782	0.28633
96.93438	0.29469
96.93094	0.30304
96.92751	0.31140
96.92407	0.31975
96.92063	0.32811
96.91719	0.33646
96.91376	0.34482
96.91032	0.35318
96.90688	0.36153
96.90345	0.36989
96.90001	0.37824
96.89657	0.38660
96.89314	0.39495
96.88970	0.40331
96.88626	0.41166
96.88282	0.42002
96.87939	0.42837
96.87595	0.43673
96.87251	0.44508
96.86908	0.45344
96.86564	0.46180
96.86220	0.47015
96.85877	0.47851
96.85533	0.48686
96.85189	0.49522
96.84846	0.50357
96.84502	0.51193
96.84158	0.52028
96.83814	0.52864
96.83471	0.53699
96.83127	0.54535
96.82783	0.55370
96.82440	0.56206
96.82096	0.57041
96.81752	0.57877
96.81409	0.58712
96.81065	0.59548
96.80721	0.60383
96.80377	0.61219
96.80034	0.62054
96.79690	0.62890
96.79346	0.63725
96.79003	0.64561
96.78659	0.65396
96.78315	0.66232
96.77972	0.67067
96.77628	0.67903
96.77284	0.68738
96.76940	0.69574
96.76539	0.70382
96.76126	0.71185
96.75713	0.71989
96.75301	0.72792
96.74888	0.73595
96.74475	0.74398
96.74063	0.75202
96.73650	0.76005
96.73237	0.76808
96.72825	0.77611
96.72412	0.78415
96.71999	0.79218
96.71587	0.80021
96.71174	0.80824
96.70748	0.81620
96.70305	0.82407
96.69860	0.83193
96.69415	0.83978
96.68968	0.84762
96.68520	0.85546
96.68071	0.86329
96.67620	0.87111
96.67168	0.87893
96.66715	0.88674
96.66261	0.89454
96.65805	0.90233
96.65348	0.91011
96.64890	0.91789
96.64430	0.92566
96.63969	0.93342
96.63507	0.94118
96.63044	0.94893
96.62580	0.95667
96.62114	0.96440
96.61647	0.97212
96.61178	0.97984
96.60709	0.98755
96.60238	0.99525
96.59766	1.00294
96.59293	1.01063
96.58818	1.01830
96.58342	1.02597
96.57865	1.03364
96.57387	1.04129
96.56908	1.04894
96.56427	1.05657
96.55945	1.06420
96.55461	1.07183
96.54977	1.07944
96.54491	1.08705
96.54004	1.09465
96.53516	1.10224
96.53027	1.10982
96.52536	1.11739
96.52044	1.12496
96.51551	1.13252
96.51057	1.14007
96.50561	1.14761
96.50064	1.15514
96.49566	1.16267
96.49067	1.17018
96.48567	1.17769
96.48065	1.18519
96.47562	1.19268
96.47058	1.20017
96.46553	1.20764
96.46046	1.21511
96.45538	1.22257
96.45029	1.23002
96.44519	1.23746
96.44008	1.24490
96.43495	1.25232
96.42982	1.25974
96.42467	1.26715
96.41950	1.27455
96.41433	1.28194
96.40914	1.28932
96.40395	1.29669
96.39874	1.30406
96.39351	1.31142
96.38828	1.31876
96.38304	1.32610
96.37778	1.33343
96.37251	1.34076
96.36723	1.34807
96.36193	1.35538
96.35663	1.36267
96.35131	1.36996
96.34598	1.37724
96.34064	1.38451
96.33529	1.39177
96.32992	1.39902
96.32455	1.40626
96.31916	1.41350
96.31317	1.42020
96.30671	1.42648
96.30023	1.43274
96.29375	1.43900
96.28724	1.44524
96.28073	1.45146
96.27420	1.45767
96.26766	1.46387
96.26110	1.47005
96.25454	1.47622
96.24796	1.48237
96.24136	1.48851
96.23476	1.49464
96.22814	1.50075
96.22151	1.50685
96.21486	1.51293
96.20820	1.51900
96.20153	1.52506
96.19485	1.53110
96.18815	1.53712
96.18144	1.54313
96.17472	1.54913
96.16799	1.55512
96.16124	1.56108
96.15448	1.56704
96.14771	1.57298
96.14092	1.57890
96.13413	1.58481
96.12732	1.59071
96.12050	1.59659
96.11366	1.60246
96.10681	1.60831
96.09996	1.61415
96.09308	1.61997
96.08620	1.62578
96.07930	1.63157
96.07240	1.63735
96.06548	1.64311
96.05854	1.64886
96.05160	1.65460
96.04464	1.66032
96.03767	1.66602
96.03069	1.67171
96.02370	1.67738
96.01669	1.68304
96.00968	1.68869
96.00265	1.69432
95.99561	1.69993
95.98856	1.70553
95.98149	1.71112
95.97442	1.71668
95.96733	1.72224
95.96023	1.72778
95.95312	1.73330
95.94599	1.73881
95.93886	1.74430
95.93171	1.74978
95.92456	1.75524
95.91739	1.76069
95.91021	1.76612
95.90301	1.77153
95.89581	1.77694
95.88860	1.78232
95.88137	1.78769
95.87413	1.79304
95.86688	1.79838
95.85962	1.80371
95.85235	1.80901
95.84507	1.81431
95.83777	1.81958
95.83047	1.82484
95.82315	1.83009
95.81583	1.83532
95.80849	1.84053
95.80114	1.84573
95.79378	1.85091
95.78641	1.85608
95.77903	1.86123
95.77163	1.86636
95.76423	1.87148
95.75681	1.87659
95.74939	1.88167
95.74195	1.88675
95.73451	1.89180
95.72705	1.89684
95.71958	1.90186
95.71210	1.90687
95.70461	1.91186
95.69711	1.91684
95.68960	1.92180
95.68208	1.92674
95.67455	1.93167
95.66701	1.93658
95.65946	1.94147
95.65190	1.94635
95.64433	1.95122
95.63674	1.95606
95.62915	1.96089
95.62155	1.96571
95.61393	1.97050
95.60631	1.97528
95.59868	1.98005
95.59103	1.98480
95.58338	1.98953
95.57572	1.99425
95.56804	1.99894
95.56036	2.00363
95.55267	2.00829
95.54496	2.01294
95.53725	2.01758
95.52953	2.02219
95.52180	2.02679
95.51405	2.03138
95.50630	2.03595
95.49854	2.04050
95.49077	2.04503
95.48299	2.04955
95.47520	2.05405
95.46740	2.05853
95.45959	2.06300
95.45177	2.06745
95.44394	2.07188
95.43611	2.07630
95.42826	2.08070
95.42040	2.08508
95.41254	2.08945
95.40466	2.09380
95.39678	2.09813
95.38889	2.10245
95.38099	2.10675
95.37308	2.11103
95.36516	2.11530
95.35723	2.11954
95.34929	2.12377
95.34134	2.12799
95.33339	2.13219
95.32542	2.13637
95.31745	2.14053
95.30947	2.14468
95.30148	2.14880
95.29348	2.15292
95.28547	2.15701
95.27745	2.16109
95.26943	2.16515
95.26139	2.16919
95.25335	2.17322
95.24530	2.17723
95.23724	2.18122
95.22917	2.18519
95.22110	2.18915
95.21301	2.19309
95.20492	2.19701
95.19682	2.20092
95.18871	2.20481
95.18059	2.20868
95.17247	2.21253
95.16433	2.21636
95.15619	2.22018
95.14804	2.22398
95.13988	2.22777
95.13172	2.23153
95.12354	2.23528
95.11536	2.23901
95.10717	2.24273
95.09897	2.24642
95.09077	2.25010
95.08255	2.25376
95.07433	2.25740
95.06610	2.26103
95.05787	2.26464
95.04963	2.26823
95.04137	2.27180
95.03311	2.27535
95.02485	2.27889
95.01657	2.28241
95.00829	2.28591
95.00001	2.28940
94.99171	2.29286
94.98341	2.29631
94.97510	2.29974
94.96678	2.30316
94.95845	2.30655
94.95012	2.30993
94.94178	2.31329
94.93344	2.31663
94.92508	2.31995
94.91672	2.32326
94.90835	2.32655
94.89998	2.32982
94.89179	2.33351
94.88379	2.33762
94.87580	2.34174
94.86781	2.34587
94.85983	2.35002
94.85185	2.35418
94.84389	2.35835
94.83593	2.36254
94.82797	2.36674
94.82003	2.37096
94.81209	2.37519
94.80416	2.37943
94.79624	2.38369
94.78832	2.38796
94.78041	2.39225
94.77251	2.39654
94.76462	2.40086
94.75673	2.40518
94.74885	2.40952
94.74098	2.41388
94.73311	2.41824
94.72526	2.42262
94.71741	2.42702
94.70957	2.43142
94.70173	2.43585
94.69390	2.44028
94.68609	2.44473
94.67827	2.44919
94.67047	2.45367
94.66267	2.45815
94.65489	2.46266
94.64710	2.46717
94.63933	2.47170
94.63157	2.47624
94.62381	2.48080
94.61606	2.48537
94.60832	2.48995
94.60058	2.49455
94.59286	2.49916
94.58514	2.50378
94.57743	2.50842
94.56973	2.51307
94.56203	2.51773
94.55435	2.52241
94.54667	2.52710
94.53900	2.53180
94.53134	2.53652
94.52368	2.54125
94.51604	2.54599
94.50840	2.55075
94.50077	2.55552
94.49315	2.56030
94.48554	2.56509
94.47793	2.56990
94.47034	2.57473
94.46275	2.57956
94.45517	2.58441
94.44760	2.58927
94.44003	2.59415
94.43248	2.59903
94.42493	2.60393
94.41739	2.60885
94.40986	2.61377
94.40234	2.61871
94.39483	2.62367
94.38732	2.62863
94.37983	2.63361
94.37234	2.63860
94.36486	2.64361
94.35739	2.64863
94.34993	2.65366
94.34248	2.65870
94.33503	2.66376
94.32760	2.66883
94.32017	2.67391
94.31275	2.67900
94.30534	2.68411
94.29794	2.68923
94.29055	2.69436
94.28317	2.69951
94.27579	2.70467
94.26843	2.70984
94.26107	2.71503
94.25373	2.72022
94.24639	2.72543
94.23906	2.73066
94.23174	2.73589
94.22442	2.74114
94.21712	2.74640
94.20983	2.75167
94.20254	2.75696
94.19527	2.76226
94.18800	2.76757
94.18074	2.77289
94.17350	2.77823
94.16626	2.78358
94.15903	2.78894
94.15181	2.79431
94.14459	2.79970
94.13739	2.80509
94.13020	2.81051
94.12302	2.81593
94.11584	2.82136
94.10868	2.82681
94.10152	2.83227
94.09437	2.83775
94.08724	2.84323
94.08011	2.84873
94.07299	2.85424
94.06588	2.85976
94.05878	2.86530
94.05169	2.87084
94.04461	2.87640
94.03754	2.88197
94.03048	2.88756
94.02343	2.89315
94.01639	2.89876
94.00936	2.90438
94.00234	2.91001
93.99532	2.91566
93.98832	2.92131
93.98133	2.92698
93.97434	2.93266
93.96737	2.93836
93.96040	2.94406
93.95377	2.95015
93.94724	2.95635
93.94073	2.96257
93.93424	2.96882
93.92778	2.97509
93.92134	2.98138
93.91492	2.98771
93.90853	2.99405
93.90216	3.00042
93.89582	3.00682
93.88950	3.01323
93.88320	3.01968
93.87693	3.02614
93.87069	3.03264
93.86447	3.03915
93.85827	3.04569
93.85210	3.05225
93.84595	3.05884
93.83983	3.06544
93.83373	3.07208
93.82766	3.07873
93.82161	3.08541
93.81559	3.09211
93.80960	3.09884
93.80363	3.10558
93.79768	3.11235
93.79176	3.11915
93.78587	3.12596
93.78000	3.13280
93.77416	3.13966
93.76835	3.14654
93.76256	3.15345
93.75680	3.16038
93.75106	3.16733
93.74535	3.17430
93.73967	3.18129
93.73401	3.18830
93.72838	3.19534
93.72277	3.20240
93.71720	3.20947
93.71165	3.21657
93.70612	3.22370
93.70063	3.23084
93.69516	3.23800
93.68972	3.24518
93.68430	3.25239
93.67892	3.25961
93.67356	3.26686
93.66822	3.27413
93.66292	3.28141
93.65764	3.28872
93.65239	3.29604
93.64717	3.30339
93.64198	3.31076
93.63681	3.31814
93.63167	3.32555
93.62656	3.33298
93.62148	3.34042
93.61643	3.34789
93.61141	3.35537
93.60641	3.36287
93.60144	3.37039
93.59650	3.37793
93.59159	3.38549
93.58671	3.39307
93.58186	3.40067
93.57703	3.40828
93.57224	3.41592
93.56747	3.42357
93.56273	3.43124
93.55802	3.43893
93.55334	3.44663
93.54869	3.45436
93.54407	3.46210
93.53948	3.46986
93.53492	3.47763
93.53036	3.48541
93.52580	3.49318
93.52124	3.50097
93.51670	3.50875
93.51217	3.51655
93.50764	3.52434
93.50313	3.53215
93.49862	3.53995
93.49412	3.54777
93.48963	3.55558
93.48515	3.56341
93.48068	3.57124
93.47622	3.57907
93.47176	3.58691
93.46732	3.59475
93.46288	3.60260
93.45846	3.61045
93.45404	3.61831
93.44963	3.62618
93.44523	3.63405
93.44084	3.64192
93.43646	3.64980
93.43209	3.65768
93.42772	3.66557
93.42337	3.67346
93.41902	3.68136
93.41469	3.68927
93.41036	3.69717
93.40604	3.70509
93.40173	3.71301
93.39743	3.72093
93.39314	3.72886
93.38886	3.73679
93.38458	3.74473
93.38032	3.75267
93.37607	3.76062
93.37182	3.76857
93.36758	3.77653
93.36336	3.78449
93.35914	3.79246
93.35493	3.80043
93.35073	3.80841
93.34654	3.81639
93.34236	3.82437
93.33818	3.83236
93.33402	3.84036
93.32987	3.84836
93.32572	3.85636
93.32158	3.86437
93.31746	3.87239
93.31334	3.88041
93.30923	3.88843
93.30513	3.89646
93.30104	3.90449
93.29696	3.91253
93.29289	3.92057
93.28883	3.92862
93.28477	3.93667
93.28073	3.94473
93.27669	3.95279
93.27267	3.96085
93.26865	3.96892
93.26465	3.97700
93.26065	3.98508
93.25666	3.99316
93.25268	4.00125
93.24871	4.00934
93.24475	4.01744
93.24080	4.02554
93.23685	4.03364
93.23292	4.04176
93.22900	4.04987
93.22508	4.05799
93.22118	4.06611
93.21728	4.07424
93.21340	4.08237
93.20952	4.09051
93.20565	4.09865
93.20179	4.10680
93.19794	4.11495
93.19410	4.12310
93.19027	4.13126
93.18645	4.13942
93.18264	4.14759
93.17884	4.15576
93.17504	4.16394
93.17126	4.17212
93.16749	4.18030
93.16372	4.18849
93.15997	4.19669
93.15622	4.20488
93.15248	4.21309
93.14876	4.22129
93.14504	4.22950
93.14133	4.23772
93.13763	4.24593
93.13394	4.25416
93.13026	4.26238
93.12659	4.27061
93.12293	4.27885
93.11927	4.28709
93.11563	4.29533
93.11200	4.30358
93.10838	4.31183
93.10476	4.32009
93.10116	4.32835
93.09756	4.33661
93.09397	4.34488
93.09040	4.35315
93.08683	4.36143
93.08327	4.36971
93.07973	4.37799
93.07627	4.38631
93.07296	4.39469
93.06966	4.40308
93.06638	4.41148
93.06312	4.41988
93.05988	4.42829
93.05665	4.43670
93.05345	4.44512
93.05026	4.45355
93.04708	4.46199
93.04393	4.47043
93.04079	4.47888
93.03767	4.48733
93.03457	4.49579
93.03149	4.50426
93.02842	4.51273
93.02537	4.52121
93.02234	4.52970
93.01933	4.53819
93.01633	4.54669
93.01335	4.55519
93.01039	4.56371
93.00745	4.57222
93.00452	4.58075
93.00162	4.58928
92.99873	4.59781
92.99586	4.60635
92.99300	4.61490
92.99017	4.62345
92.98735	4.63201
92.98455	4.64058
92.98177	4.64915
92.97900	4.65772
92.97625	4.66630
92.97353	4.67489
92.97082	4.68348
92.96812	4.69208
92.96545	4.70069
92.96279	4.70930
92.96015	4.71791
92.95753	4.72653
92.95493	4.73516
92.95234	4.74379
92.94978	4.75243
92.94723	4.76107
92.94470	4.76971
92.94219	4.77837
92.93969	4.78702
92.93721	4.79569
92.93476	4.80435
92.93232	4.81303
92.92989	4.82170
92.92749	4.83039
92.92510	4.83907
92.92273	4.84777
92.92039	4.85646
92.91805	4.86517
92.91574	4.87387
92.91344	4.88258
92.91117	4.89130
92.90891	4.90002
92.90667	4.90875
92.90445	4.91748
92.90224	4.92621
92.90006	4.93495
92.89789	4.94369
92.89574	4.95244
92.89361	4.96119
92.89149	4.96995
92.88940	4.97871
92.88732	4.98748
92.88527	4.99624
92.88323	5.00502
92.88120	5.01380
92.87920	5.02258
92.87722	5.03136
92.87525	5.04015
92.87330	5.04895
92.87137	5.05774
92.86946	5.06655
92.86757	5.07535
92.86569	5.08416
92.86384	5.09297
92.86200	5.10179
92.86018	5.11061
92.85838	5.11944
92.85660	5.12826
92.85483	5.13710
92.85309	5.14593
92.85136	5.15477
92.84965	5.16361
92.84796	5.17246
92.84629	5.18131
92.84464	5.19016
92.84300	5.19901
92.84138	5.20787
92.83979	5.21674
92.83821	5.22560
92.83665	5.23447
92.83510	5.24334
92.83358	5.25222
92.83208	5.26109
92.83059	5.26997
92.82912	5.27886
92.82767	5.28775
92.82624	5.29663
92.82483	5.30553
92.82343	5.31442
92.82206	5.32332
92.82070	5.33222
92.81936	5.34113
92.81805	5.35003
92.81674	5.35894
92.81546	5.36785
92.81420	5.37677
92.81295	5.38568
92.81173	5.39460
92.81052	5.40352
92.80933	5.41245
92.80816	5.42137
92.80701	5.43030
92.80587	5.43923
92.80476	5.44816
92.80366	5.45710
92.80259	5.46604
92.80153	5.47497
92.80049	5.48392
92.79947	5.49286
92.79847	5.50180
92.79748	5.51075
92.79652	5.51970
92.79557	5.52865
92.79464	5.53761
92.79373	5.54656
92.79284	5.55552
92.79197	5.56447
92.79112	5.57343
92.79028	5.58240
92.78947	5.59136
92.78867	5.60032
92.78790	5.60929
92.78714	5.61826
92.78640	5.62723
92.78567	5.63620
92.78497	5.64517
92.78429	5.65414
92.78362	5.66312
92.78297	5.67209
92.78235	5.68107
92.78174	5.69005
92.78115	5.69902
92.78058	5.70800
92.78002	5.71699
92.77949	5.72597
92.77897	5.73495
92.77848	5.74393
92.77800	5.75292
92.77749	5.76190
92.77689	5.77088
92.77627	5.77986
92.77562	5.78883
92.77494	5.79780
92.77424	5.80677
92.77352	5.81574
92.77277	5.82470
92.77199	5.83366
92.77118	5.84262
92.77035	5.85158
92.76950	5.86054
92.76862	5.86949
92.76771	5.87844
92.76678	5.88739
92.76582	5.89633
92.76484	5.90527
92.76383	5.91421
92.76279	5.92314
92.76173	5.93208
92.76064	5.94100
92.75953	5.94993
92.75839	5.95885
92.75723	5.96777
92.75604	5.97668
92.75482	5.98559
92.75358	5.99450
92.75231	6.00341
92.75102	6.01231
92.74970	6.02120
92.74836	6.03009
92.74699	6.03898
92.74560	6.04787
92.74418	6.05674
92.74273	6.06562
92.74126	6.07449
92.73976	6.08336
92.73824	6.09222
92.73669	6.10108
92.73512	6.10993
92.73352	6.11878
92.73190	6.12762
92.73025	6.13646
92.72857	6.14529
92.72687	6.15412
92.72515	6.16294
92.72339	6.17176
92.72162	6.18057
92.71982	6.18938
92.71799	6.19818
92.71613	6.20698
92.71426	6.21577
92.71235	6.22456
92.71042	6.23334
92.70847	6.24211
92.70649	6.25088
92.70449	6.25964
92.70246	6.26840
92.70040	6.27715
92.69832	6.28589
92.69622	6.29463
92.69409	6.30336
92.69193	6.31209
92.68975	6.32081
92.68754	6.32952
92.68531	6.33823
92.68306	6.34693
92.68077	6.35562
92.67847	6.36431
92.67614	6.37299
92.67378	6.38166
92.67140	6.39032
92.66899	6.39898
92.66656	6.40763
92.66411	6.41628
92.66163	6.42491
92.65912	6.43354
92.65659	6.44217
92.65403	6.45078
92.65145	6.45939
92.64885	6.46799
92.64622	6.47658
92.64356	6.48516
92.64088	6.49374
92.63818	6.50231
92.63545	6.51087
92.63270	6.51942
92.62992	6.52796
92.62712	6.53650
92.62429	6.54503
92.62144	6.55354
92.61856	6.56206
92.61566	6.57056
92.61274	6.57905
92.60979	6.58754
92.60681	6.59601
92.60382	6.60448
92.60079	6.61294
92.59775	6.62139
92.59467	6.62983
92.59158	6.63826
92.58846	6.64669
92.58531	6.65510
92.58214	6.66350
92.57895	6.67190
92.57573	6.68029
92.57249	6.68866
92.56923	6.69703
92.56594	6.70539
92.56262	6.71373
92.55929	6.72207
92.55592	6.73040
92.55254	6.73872
92.54913	6.74703
92.54570	6.75532
92.54224	6.76361
92.53876	6.77189
92.53525	6.78016
92.53172	6.78842
92.52817	6.79666
92.52459	6.80490
92.52099	6.81313
92.51737	6.82134
92.51372	6.82955
92.51005	6.83774
92.50642	6.84595
92.50289	6.85421
92.49927	6.86243
92.49558	6.87061
92.49182	6.87876
92.48797	6.88688
92.48404	6.89495
92.48004	6.90299
92.47596	6.91099
92.47180	6.91894
92.46757	6.92686
92.46326	6.93474
92.45887	6.94257
92.45441	6.95036
92.44987	6.95811
92.44526	6.96581
92.44058	6.97347
92.43582	6.98108
92.43099	6.98865
92.42608	6.99617
92.42110	7.00364
92.41605	7.01106
92.41093	7.01844
92.40574	7.02576
92.40048	7.03304
92.39515	7.04026
92.38974	7.04743
92.38427	7.05455
92.37873	7.06161
92.37313	7.06862
92.36745	7.07558
92.36171	7.08248
92.35590	7.08933
92.35003	7.09612
92.34409	7.10285
92.33809	7.10952
92.33202	7.11614
92.32589	7.12270
92.31969	7.12919
92.31343	7.13563
92.30711	7.14201
92.30073	7.14833
92.29429	7.15458
92.28779	7.16077
92.28123	7.16690
92.27461	7.17297
92.26793	7.17897
92.26120	7.18490
92.25441	7.19077
92.24756	7.19658
92.24065	7.20232
92.23369	7.20799
92.22668	7.21359
92.21961	7.21913
92.21249	7.22460
92.20531	7.23000
92.19809	7.23533
92.19081	7.24059
92.18348	7.24578
92.17611	7.25090
92.16868	7.25594
92.16126	7.26100
92.15411	7.26643
92.14704	7.27196
92.14004	7.27758
92.13311	7.28329
92.12626	7.28909
92.11949	7.29499
92.11280	7.30097
92.10619	7.30705
92.09966	7.31321
92.09322	7.31946
92.08686	7.32579
92.08058	7.33221
92.07440	7.33871
92.06830	7.34530
92.06228	7.35196
92.05636	7.35870
92.05053	7.36553
92.04479	7.37243
92.03915	7.37940
92.03360	7.38645
92.02814	7.39357
92.02278	7.40077
92.01751	7.40804
92.01235	7.41537
92.00728	7.42278
92.00231	7.43025
91.99745	7.43778
91.99268	7.44538
91.98802	7.45305
91.98346	7.46077
91.97900	7.46856
91.97465	7.47640
91.97041	7.48430
91.96627	7.49226
91.96224	7.50027
91.95831	7.50834
91.95449	7.51645
91.95079	7.52462
91.94719	7.53283
91.94370	7.54110
91.94033	7.54940
91.93707	7.55775
91.93391	7.56615
91.93088	7.57458
91.92795	7.58306
91.92514	7.59157
91.92244	7.60012
91.91986	7.60871
91.91740	7.61733
91.91504	7.62598
91.91281	7.63466
91.91069	7.64337
91.90869	7.65210
91.90681	7.66087
91.90504	7.66965
91.90340	7.67846
91.90187	7.68729
91.90046	7.69614
91.89916	7.70501
91.89799	7.71389
91.89694	7.72279
91.89600	7.73171
91.89519	7.74063
91.89450	7.74956
91.89392	7.75850
91.89347	7.76745
91.89313	7.77641
91.89292	7.78536
91.89282	7.79432
91.89285	7.80328
91.89300	7.81224
91.89326	7.82119
91.89365	7.83014
91.89415	7.83909
91.89438	7.84804
91.89457	7.85700
91.89471	7.86595
91.89481	7.87491
91.89487	7.88387
91.89487	7.89282
91.89484	7.90178
91.89476	7.91074
91.89464	7.91969
91.89447	7.92865
91.89426	7.93760
91.89400	7.94655
91.89370	7.95550
91.89336	7.96445
91.89297	7.97340
91.89253	7.98234
91.89205	7.99128
91.89153	8.00022
91.89097	8.00916
91.89036	8.01809
91.88970	8.02702
91.88900	8.03595
91.88826	8.04487
91.88747	8.05379
91.88664	8.06271
91.88576	8.07162
91.88485	8.08052
91.88388	8.08943
91.88287	8.09832
91.88182	8.10721
91.88073	8.11610
91.87959	8.12498
91.87840	8.13385
91.87717	8.14272
91.87590	8.15158
91.87459	8.16043
91.87323	8.16928
91.87182	8.17812
91.87038	8.18695
91.86889	8.19578
91.86735	8.20460
91.86578	8.21341
91.86415	8.22221
91.86249	8.23101
91.86078	8.23979
91.85903	8.24857
91.85723	8.25734
91.85539	8.26610
91.85351	8.27485
91.85158	8.28359
91.84962	8.29232
91.84760	8.30104
91.84555	8.30975
91.84345	8.31845
91.84131	8.32714
91.83912	8.33582
91.83690	8.34448
91.83463	8.35314
91.83231	8.36178
91.82996	8.37042
91.82756	8.37904
91.82512	8.38765
91.82263	8.39624
91.82010	8.40483
91.81753	8.41340
91.81492	8.42196
91.81227	8.43050
91.80957	8.43904
91.80683	8.44755
91.80405	8.45606
91.80123	8.46455
91.79836	8.47303
91.79546	8.48149
91.79251	8.48994
91.78952	8.49837
91.78649	8.50679
91.78341	8.51519
91.78030	8.52358
91.77714	8.53195
91.77394	8.54031
91.77070	8.54865
91.76742	8.55697
91.76410	8.56528
91.76073	8.57357
91.75733	8.58184
91.75388	8.59010
91.75039	8.59834
91.74687	8.60656
91.74330	8.61477
91.73969	8.62295
91.73604	8.63112
91.73235	8.63927
91.72862	8.64740
91.72485	8.65552
91.72104	8.66361
91.71719	8.67169
91.71330	8.67975
91.70937	8.68778
91.70539	8.69580
91.70138	8.70380
91.69733	8.71178
91.69324	8.71974
91.68912	8.72767
91.68495	8.73559
91.68074	8.74349
91.67649	8.75136
91.67221	8.75922
91.66788	8.76705
91.66352	8.77486
91.65912	8.78265
91.65468	8.79042
91.65020	8.79817
91.64568	8.80589
91.64113	8.81359
91.63653	8.82127
91.63190	8.82893
91.62709	8.83647
91.62235	8.84406
91.61771	8.85171
91.61317	8.85942
91.60874	8.86719
91.60440	8.87502
91.60017	8.88289
91.59603	8.89083
91.59201	8.89881
91.58808	8.90685
91.58427	8.91494
91.58056	8.92307
91.57695	8.93125
91.57345	8.93948
91.57006	8.94775
91.56678	8.95606
91.56360	8.96442
91.56054	8.97282
91.55758	8.98125
91.55474	8.98972
91.55201	8.99823
91.54938	9.00677
91.54687	9.01535
91.54447	9.02395
91.54219	9.03259
91.54001	9.04125
91.53795	9.04994
91.53601	9.05866
91.53417	9.06740
91.53246	9.07617
91.53085	9.08495
91.52936	9.09376
91.52799	9.10258
91.52673	9.11142
91.52559	9.12028
91.52407	9.12907
91.52255	9.13787
91.52104	9.14667
91.51956	9.15548
91.51809	9.16429
91.51663	9.17309
91.51520	9.18191
91.51378	9.19072
91.51238	9.19954
91.51100	9.20836
91.50963	9.21718
91.50828	9.22600
91.50695	9.23483
91.50564	9.24366
91.50434	9.25249
91.50306	9.26132
91.50180	9.27016
91.50055	9.27899
91.49932	9.28783
91.49811	9.29668
91.49692	9.30552
91.49574	9.31437
91.49458	9.32322
91.49344	9.33207
91.49232	9.34092
91.49121	9.34977
91.49012	9.35863
91.48905	9.36749
91.48799	9.37635
91.48695	9.38521
91.48593	9.39407
91.48493	9.40293
91.48394	9.41180
91.48298	9.42067
91.48202	9.42954
91.48109	9.43841
91.48017	9.44728
91.47928	9.45616
91.47839	9.46503
91.47753	9.47391
91.47668	9.48279
91.47585	9.49167
91.47504	9.50055
91.47425	9.50944
91.47347	9.51832
91.47271	9.52721
91.47196	9.53609
91.47124	9.54498
91.47053	9.55387
91.46984	9.56276
91.46917	9.57165
91.46851	9.58054
91.46787	9.58944
91.46725	9.59833
91.46665	9.60722
91.46606	9.61612
91.46549	9.62502
91.46494	9.63392
91.46441	9.64281
91.46389	9.65171
91.46339	9.66061
91.46291	9.66951
91.46245	9.67842
91.46200	9.68732
91.46157	9.69622
91.46116	9.70512
91.46076	9.71403
91.46038	9.72293
91.46002	9.73184
91.45968	9.74074
91.45936	9.74965
91.45905	9.75855
91.45876	9.76746
91.45849	9.77637
91.45823	9.78527
91.45799	9.79418
91.45777	9.80309
91.45757	9.81200
91.45738	9.82090
91.45722	9.82981
91.45707	9.83872
91.45693	9.84763
91.45682	9.85653
91.45672	9.86544
91.45664	9.87435
91.45657	9.88326
91.45653	9.89217
91.45650	9.90107
91.45649	9.90998
91.45649	9.91889
91.45652	9.92779
91.45656	9.93670
91.45662	9.94561
91.45669	9.95451
91.45679	9.96342
91.45690	9.97232
91.45703	9.98123
91.45717	9.99013
91.45733	9.99903
91.45752	10.00793
91.45771	10.01684
91.45793	10.02574
91.45816	10.03464
91.45841	10.04354
91.45868	10.05244
91.45896	10.06134
91.45927	10.07023
91.45959	10.07913
91.45992	10.08803
91.46028	10.09692
91.46065	10.10582
91.46104	10.11471
91.46145	10.12360
91.46187	10.13249
91.46232	10.14138
91.46278	10.15027
91.46325	10.15916
91.46375	10.16804
91.46426	10.17693
91.46479	10.18581
91.46533	10.19470
91.46590	10.20358
91.46648	10.21246
91.46708	10.22134
91.46769	10.23021
91.46833	10.23909
91.46898	10.24796
91.46965	10.25684
91.47033	10.26571
91.47104	10.27458
91.47176	10.28345
91.47249	10.29231
91.47325	10.30118
91.47402	10.31004
91.47481	10.31890
91.47562	10.32776
91.47644	10.33662
91.47729	10.34547
91.47815	10.35433
91.47902	10.36318
91.47992	10.37203
91.48083	10.38088
91.48176	10.38972
91.48270	10.39857
91.48367	10.40741
91.48465	10.41625
91.48565	10.42509
91.48666	10.43392
91.48769	10.44275
91.48874	10.45158
91.48981	10.46041
91.49090	10.46924
91.49200	10.47806
91.49312	10.48688
91.49426	10.49570
91.49541	10.50452
91.49658	10.51333
91.49777	10.52215
91.49898	10.53095
91.50020	10.53976
91.50144	10.54857
91.50270	10.55737
91.50397	10.56616
91.50526	10.57496
91.50657	10.58375
91.50766	10.59256
91.50748	10.60144
91.50732	10.61033
91.50718	10.61922
91.50706	10.62810
91.50695	10.63699
91.50686	10.64587
91.50679	10.65476
91.50674	10.66364
91.50671	10.67253
91.50669	10.68142
91.50669	10.69030
91.50671	10.69918
91.50675	10.70807
91.50681	10.71695
91.50688	10.72584
91.50697	10.73472
91.50708	10.74360
91.50721	10.75248
91.50735	10.76137
91.50752	10.77025
91.50770	10.77913
91.50790	10.78801
91.50811	10.79689
91.50835	10.80576
91.50860	10.81464
91.50887	10.82352
91.50916	10.83239
91.50947	10.84127
91.50979	10.85014
91.51013	10.85902
91.51049	10.86789
91.51087	10.87676
91.51127	10.88563
91.51168	10.89450
91.51211	10.90337
91.51256	10.91224
91.51303	10.92110
91.51352	10.92997
91.51402	10.93883
91.51454	10.94769
91.51508	10.95655
91.51564	10.96541
91.51621	10.97427
91.51681	10.98313
91.51742	10.99198
91.51805	11.00084
91.51869	11.00969
91.51936	11.01854
91.52004	11.02739
91.52074	11.03623
91.52146	11.04508
91.52219	11.05392
91.52295	11.06277
91.52372	11.07161
91.52451	11.08045
91.52532	11.08928
91.52614	11.09812
91.52698	11.10695
91.52785	11.11578
91.52872	11.12461
91.52962	11.13344
91.53054	11.14226
91.53147	11.15109
91.53242	11.15991
91.53339	11.16873
91.53437	11.17754
91.53538	11.18636
91.53640	11.19517
91.53744	11.20398
91.53849	11.21279
91.53957	11.22159
91.54066	11.23039
91.54177	11.23919
91.54288	11.24799
91.54398	11.25679
91.54507	11.26560
91.54614	11.27440
91.54721	11.28320
91.54826	11.29201
91.54930	11.30082
91.55032	11.30962
91.55134	11.31843
91.55234	11.32724
91.55333	11.33605
91.55431	11.34487
91.55528	11.35368
91.55624	11.36249
91.55718	11.37131
91.55811	11.38012
91.55903	11.38894
91.55994	11.39776
91.56083	11.40658
91.56172	11.41540
91.56259	11.42422
91.56345	11.43304
91.56430	11.44186
91.56514	11.45068
91.56596	11.45951
91.56677	11.46833
91.56757	11.47716
91.56836	11.48598
91.56914	11.49481
91.56990	11.50364
91.57066	11.51247
91.57140	11.52130
91.57213	11.53013
91.57284	11.53896
91.57355	11.54779
91.57424	11.55662
91.57492	11.56545
91.57559	11.57428
91.57625	11.58312
91.57689	11.59195
91.57753	11.60079
91.57815	11.60962
91.57876	11.61846
91.57935	11.62729
91.57994	11.63613
91.58051	11.64497
91.58107	11.65380
91.58162	11.66264
91.58216	11.67148
91.58269	11.68032
91.58320	11.68916
91.58370	11.69800
91.58419	11.70684
91.58467	11.71568
91.58513	11.72452
91.58559	11.73336
91.58603	11.74220
91.58646	11.75105
91.58688	11.75989
91.58728	11.76873
91.58768	11.77757
91.58806	11.78641
91.58843	11.79526
91.58879	11.80410
91.58913	11.81294
91.58947	11.82179
91.58979	11.83063
91.59010	11.83947
91.59040	11.84832
91.59068	11.85716
91.59106	11.86600
91.59153	11.87484
91.59201	11.88367
91.59250	11.89251
91.59301	11.90134
91.59353	11.91017
91.59406	11.91900
91.59461	11.92783
91.59517	11.93666
91.59574	11.94549
91.59633	11.95431
91.59693	11.96314
91.59754	11.97196
91.59817	11.98079
91.59881	11.98961
91.59947	11.99843
91.60014	12.00725
91.60082	12.01606
91.60151	12.02488
91.60222	12.03369
91.60294	12.04251
91.60368	12.05132
91.60443	12.06013
91.60519	12.06894
91.60597	12.07775
91.60676	12.08656
91.60756	12.09536
91.60838	12.10416
91.60921	12.11297
91.61005	12.12177
91.61091	12.13057
91.61178	12.13936
91.61266	12.14816
91.61356	12.15695
91.61447	12.16575
91.61539	12.17454
91.61633	12.18333
91.61728	12.19211
91.61824	12.20090
91.61922	12.20968
91.62021	12.21847
91.62122	12.22725
91.62224	12.23603
91.62327	12.24480
91.62431	12.25358
91.62537	12.26235
91.62644	12.27112
91.62753	12.27989
91.62863	12.28866
91.62974	12.29743
91.63086	12.30619
91.63200	12.31495
91.63315	12.32371
91.63432	12.33247
91.63550	12.34122
91.63669	12.34998
91.63790	12.35873
91.63912	12.36748
91.64035	12.37623
91.64159	12.38497
91.64285	12.39372
91.64413	12.40246
91.64541	12.41119
91.64671	12.41993
91.64802	12.42867
91.64935	12.43740
91.65069	12.44613
91.65204	12.45486
91.65341	12.46358
91.65479	12.47230
91.65618	12.48102
91.65759	12.48974
91.65901	12.49846
91.66044	12.50717
91.66189	12.51588
91.66335	12.52459
91.66482	12.53330
91.66630	12.54200
91.66780	12.55070
91.66932	12.55940
91.67084	12.56810
91.67238	12.57679
91.67393	12.58548
91.67550	12.59417
91.67708	12.60286
91.67867	12.61154
91.68028	12.62022
91.68190	12.62890
91.68353	12.63757
91.68518	12.64624
91.68684	12.65491
91.68851	12.66358
91.69019	12.67224
91.69189	12.68091
91.69360	12.68956
91.69533	12.69822
91.69707	12.70687
91.69882	12.71552
91.70059	12.72417
91.70236	12.73281
91.70416	12.74145
91.70596	12.75009
91.70778	12.75873
91.70961	12.76736
91.71146	12.77599
91.71331	12.78461
91.71518	12.79324
91.71707	12.80186
91.71897	12.81047
91.72088	12.81909
91.72280	12.82770
91.72474	12.83631
91.72669	12.84491
91.72865	12.85351
91.73063	12.86211
91.73262	12.87071
91.73462	12.87930
91.73664	12.88789
91.73867	12.89647
91.74071	12.90505
91.74276	12.91363
91.74483	12.92221
91.74692	12.93078
91.74901	12.93934
91.75112	12.94791
91.75324	12.95647
91.75537	12.96503
91.75752	12.97358
91.75968	12.98213
91.76186	12.99068
91.76404	12.99923
91.76624	13.00777
91.76846	13.01630
91.77068	13.02484
91.77292	13.03337
91.77517	13.04189
91.77744	13.05042
91.77972	13.05894
91.78201	13.06745
91.78431	13.07596
91.78663	13.08447
91.78896	13.09297
91.79131	13.10147
91.79366	13.10997
91.79603	13.11846
91.79842	13.12695
91.80081	13.13544
91.80322	13.14392
91.80564	13.15240
91.80808	13.16087
91.81053	13.16934
91.81299	13.17781
91.81546	13.18627
91.81795	13.19473
91.82045	13.20318
91.82296	13.21163
91.82549	13.22008
91.82802	13.22852
91.83058	13.23696
91.83314	13.24539
91.83572	13.25382
91.83831	13.26225
91.84091	13.27067
91.84353	13.27909
91.84616	13.28750
91.84880	13.29591
91.85146	13.30431
91.85412	13.31271
91.85681	13.32111
91.85950	13.32950
91.86221	13.33789
91.86493	13.34627
91.86766	13.35465
91.87040	13.36303
91.87316	13.37140
91.87593	13.37976
91.87872	13.38813
91.88151	13.39648
91.88432	13.40484
91.88715	13.41319
91.88998	13.42153
91.89283	13.42987
91.89569	13.43821
91.89856	13.44654
91.90145	13.45486
91.90435	13.46318
91.90726	13.47150
91.91019	13.47981
91.91312	13.48812
91.91607	13.49642
91.91904	13.50472
91.92201	13.51302
91.92500	13.52131
91.92800	13.52959
91.93102	13.53787
91.93404	13.54615
91.93708	13.55442
91.94014	13.56268
91.94320	13.57094
91.94628	13.57920
91.94937	13.58745
91.95247	13.59570
91.95559	13.60394
91.95872	13.61217
91.96186	13.62040
91.96501	13.62863
91.96818	13.63685
91.97136	13.64507
91.97455	13.65328
91.97775	13.66149
91.98097	13.66969
91.98420	13.67789
91.98744	13.68608
91.99070	13.69427
91.99396	13.70245
91.99724	13.71062
92.00054	13.71880
92.00384	13.72696
92.00716	13.73512
92.01049	13.74328
92.01383	13.75143
92.01719	13.75958
92.02055	13.76772
92.02393	13.77585
92.02733	13.78398
92.03073	13.79210
92.03415	13.80022
92.03758	13.80834
92.04102	13.81645
92.04448	13.82455
92.04795	13.83265
92.05143	13.84074
92.05492	13.84883
92.05842	13.85691
92.06194	13.86498
92.06547	13.87306
92.06901	13.88112
92.07257	13.88918
92.07613	13.89723
92.07971	13.90528
92.08331	13.91333
92.08691	13.92136
92.09053	13.92940
92.09416	13.93742
92.09832	13.94513
92.10408	13.95185
92.10985	13.95858
92.11561	13.96531
92.12138	13.97204
92.12715	13.97876
92.13291	13.98549
92.13868	13.99221
92.14445	13.99894
92.15022	14.00566
92.15599	14.01239
92.16175	14.01911
92.16752	14.02583
92.17329	14.03256
92.17906	14.03928
92.18483	14.04600
92.19060	14.05272
92.19637	14.05944
92.20215	14.06616
92.20792	14.07288
92.21369	14.07960
92.21946	14.08632
92.22523	14.09304
92.23101	14.09975
92.23678	14.10647
92.24256	14.11319
92.24833	14.11990
92.25410	14.12662
92.25988	14.13333
92.26565	14.14005
92.27143	14.14676
92.27721	14.15348
92.28298	14.16019
92.28876	14.16690
92.29454	14.17362
92.30031	14.18033
92.30609	14.18704
92.31187	14.19375
92.31765	14.20046
92.32343	14.20717
92.32920	14.21388
92.33498	14.22059
92.34076	14.22729
92.34654	14.23400
92.35232	14.24071
92.35811	14.24742
92.36389	14.25412
92.36967	14.26083
92.37545	14.26753
92.38123	14.27424
92.38702	14.28094
92.39280	14.28765
92.39858	14.29435
92.40437	14.30105
92.41015	14.30775
92.41593	14.31446
92.42172	14.32116
92.42750	14.32786
92.43329	14.33456
92.43908	14.34126
92.44486	14.34796
92.45065	14.35466
92.45644	14.36135
92.46222	14.36805
92.46801	14.37475
92.47380	14.38145
92.47959	14.38814
92.48538	14.39484
92.49117	14.40153
92.49696	14.40823
92.50275	14.41492
92.50854	14.42162
92.51433	14.42831
92.52012	14.43500
92.52591	14.44169
92.53170	14.44839
92.53749	14.45508
92.54328	14.46177
92.54908	14.46846
92.55487	14.47515
92.56066	14.48184
92.56646	14.48853
92.57225	14.49522
92.57805	14.50190
92.58384	14.50859
92.58964	14.51528
92.59543	14.52196
92.60123	14.52865
92.60702	14.53533
92.61282	14.54202
92.61862	14.54870
92.62441	14.55539
92.63021	14.56207
92.63601	14.56875
92.64181	14.57544
92.64761	14.58212
92.65341	14.58880
92.65921	14.59548
92.66501	14.60216
92.67081	14.60884
92.67661	14.61552
92.68241	14.62220
92.68821	14.62888
92.69401	14.63555
92.69981	14.64223
92.70562	14.64891
92.71142	14.65559
92.71722	14.66226
92.72302	14.66894
92.72883	14.67561
92.73463	14.68229
92.74044	14.68896
92.74624	14.69563
92.75205	14.70231
92.75785	14.70898
92.76366	14.71565
92.76946	14.72232
92.77527	14.72899
92.78108	14.73566
92.78689	14.74233
92.79269	14.74900
92.79850	14.75567
92.80431	14.76234
92.81012	14.76901
92.81593	14.77567
92.82174	14.78234
92.82755	14.78901
92.83336	14.79567
92.83917	14.80234
92.84498	14.80900
92.85079	14.81567
92.85660	14.82233
92.86241	14.82899
92.86823	14.83566
92.87404	14.84232
92.87985	14.84898
92.88567	14.85564
92.89148	14.86230
92.89729	14.86896
92.90311	14.87562
92.90892	14.88228
92.91474	14.88894
92.92055	14.89560
92.92637	14.90226
92.93219	14.90892
92.93800	14.91557
92.94382	14.92223
92.94964	14.92888
92.95545	14.93554
92.96127	14.94219
92.96709	14.94885
92.97291	14.95550
92.97873	14.96216
92.98455	14.96881
92.99037	14.97546
92.99619	14.98211
93.00201	14.98876
